Input_dtm.txt
ncols         195
nrows         219
xllcorner     208046.22605602
yllcorner     1378441.3891097
cellsize      1
NODATA_value  -9999
[rows 28 to 55 of 219, columns 0 to 63 of 195]
-9999 -9999 -9999 -9999 -9999 -9999 -9999 -9999 -9999 84.52086 84.54774 84.56005 84.57378 84.60501 84.63877 84.66003 84.67503 84.69003 84.70504 84.72005 84.7415 84.77586 84.80564 84.81337 84.81555 84.82874 84.85096 84.88002 84.91486 84.95439 84.98988 85.01254 85.02989 85.04942 85.07395 85.10629 85.13783 85.16003 85.17835 85.19835 85.22471 85.2621 85.29617 85.31254 85.31537 85.30882 85.30008 85.29632 85.30315 85.32625 85.35188 85.36626 85.38438 85.42125 85.4569 85.47131 85.47413 85.47507 85.4829 85.50668 85.53628 85.5617 85.57993 85.58797
-9999 -9999 -9999 -9999 -9999 -9999 -9999 -9999 -9999 84.46242 84.49017 84.50597 84.5227 84.55376 84.5864 84.60797 84.62225 84.63245 84.64248 84.65558 84.6791 84.71972 84.75623 84.76672 84.76877 84.77935 84.79846 84.82596 84.85937 84.89674 84.92982 84.95097 84.96549 84.97937 85.00141 85.04066 85.08307 85.11401 85.13525 85.14798 85.16565 85.20107 85.23573 85.25037 85.24933 85.23725 85.2281 85.2366 85.25995 85.29593 85.32711 85.33643 85.34443 85.37176 85.39983 85.40945 85.41203 85.41841 85.43005 85.44807 85.47177 85.50003 85.52259 85.52942
-9999 -9999 -9999 -9999 -9999 -9999 -9999 -9999 -9999 84.40869 84.43183 84.45877 84.48714 84.515 84.53796 84.5521 84.56049 84.56673 84.57722 84.59909 84.62897 84.66327 84.69177 84.70367 84.71068 84.7237 84.74563 84.77867 84.81651 84.8525 84.88212 84.90126 84.91391 84.9246 84.94277 84.97834 85.01854 85.05116 85.07505 85.08871 85.10407 85.13241 85.16038 85.17371 85.17722 85.17495 85.17754 85.19496 85.22557 85.26749 85.29918 85.29942 85.29571 85.31606 85.34351 85.36167 85.37258 85.37873 85.38194 85.38411 85.3957 85.4266 85.4599 85.47786
-9999 -9999 -9999 -9999 -9999 -9999 -9999 -9999 -9999 84.36377 84.37917 84.41158 84.44682 84.47064 84.48558 84.49419 84.49886 84.50193 84.51382 84.54499 84.58189 84.61086 84.63052 84.63951 84.64795 84.66591 84.69451 84.73456 84.77613 84.80918 84.83367 84.84961 84.86129 84.87304 84.89011 84.91773 84.95033 84.9824 85.00911 85.02557 85.04037 85.0621 85.08316 85.09589 85.10582 85.11856 85.13571 85.15887 85.18925 85.22811 85.25452 85.24754 85.23788 85.25628 85.28796 85.31812 85.339 85.34285 85.33607 85.32545 85.32755 85.35918 85.39958 85.42793
-9999 -9999 -9999 -9999 -9999 -9999 -9999 -9999 -9999 84.33124 84.33844 84.35752 84.3812 84.40256 84.42085 84.43626 84.44591 84.44755 84.45618 84.4875 84.52856 84.56662 84.59064 84.58915 84.58731 84.61004 84.6474 84.68952 84.72801 84.75418 84.7711 84.78214 84.79356 84.81251 84.83495 84.85753 84.88387 84.91833 84.94878 84.96329 84.97484 84.99578 85.0172 85.02953 85.04223 85.06412 85.09031 85.11536 85.14014 85.16503 85.17942 85.17318 85.17007 85.19482 85.23257 85.26916 85.29413 85.29755 85.28995 85.28246 85.28689 85.31494 85.34969 85.3737
-9999 -9999 -9999 -9999 -9999 -9999 -9999 -9999 -9999 84.30096 84.30255 84.30566 84.31476 84.33483 84.35927 84.38171 84.39748 84.40134 84.40946 84.43764 84.47864 84.52467 84.55435 84.54576 84.53577 84.56092 84.60336 84.64532 84.67956 84.69939 84.70957 84.71535 84.72588 84.75094 84.77885 84.79808 84.82008 84.85584 84.88856 84.90059 84.90931 84.9314 84.95535 84.96899 84.98267 85.007 85.03514 85.06095 85.08152 85.09463 85.10027 85.09927 85.10555 85.13332 85.1718 85.20959 85.23608 85.23986 85.23603 85.23942 85.25244 85.2773 85.30317 85.3194
-9999 -9999 -9999 -9999 -9999 -9999 -9999 -9999 -9999 84.26246 84.26436 84.26503 84.27163 84.29166 84.31559 84.33419 84.34882 84.36128 84.37819 84.40662 84.44182 84.47889 84.50386 84.50226 84.50028 84.5238 84.56175 84.60326 84.63829 84.65669 84.66392 84.66586 84.673 84.69627 84.72276 84.74004 84.75919 84.79199 84.82286 84.8358 84.84564 84.86658 84.89036 84.90788 84.92376 84.94201 84.96433 84.9916 85.01699 85.03336 85.043 85.04878 85.05685 85.07378 85.09947 85.13459 85.16245 85.16705 85.1668 85.18034 85.20285 85.22911 85.25323 85.26869
-9999 -9999 -9999 -9999 -9999 -9999 -9999 -9999 -9999 84.21794 84.22117 84.22565 84.23628 84.25843 84.28082 84.29227 84.30315 84.3235 84.35028 84.38004 84.40831 84.43016 84.44617 84.45641 84.46902 84.49166 84.52252 84.55988 84.59366 84.6142 84.62345 84.62399 84.62784 84.64751 84.6712 84.68716 84.70444 84.7317 84.75849 84.77371 84.78708 84.80775 84.8312 84.85233 84.86909 84.87971 84.89329 84.91951 84.94924 84.97408 84.99339 85.00722 85.01636 85.02185 85.03448 85.06461 85.09269 85.09842 85.10067 85.11806 85.14433 85.17284 85.19955 85.22064
-9999 -9999 -9999 -9999 -9999 -9999 -9999 -9999 -9999 84.16914 84.17046 84.17754 84.19319 84.22043 84.24548 84.25503 84.2632 84.28459 84.31329 84.34376 84.3683 84.37934 84.38827 84.406 84.43018 84.45796 84.48605 84.51119 84.53535 84.56004 84.57746 84.58005 84.58341 84.60376 84.62808 84.64378 84.6584 84.68002 84.70232 84.71913 84.73679 84.76121 84.78689 84.80788 84.82284 84.82997 84.83826 84.85619 84.88108 84.90961 84.93733 84.96003 84.97591 84.98378 84.99487 85.02083 85.04559 85.05337 85.05593 85.06538 85.08317 85.11036 85.14232 85.17371
-9999 -9999 -9999 -9999 -9999 -9999 -9999 -9999 -9999 84.11942 84.12097 84.13065 84.14919 84.1773 84.20271 84.21315 84.22217 84.24335 84.27183 84.30272 84.32671 84.33447 84.34087 84.36079 84.38886 84.41968 84.44612 84.46097 84.47578 84.50211 84.52582 84.53275 84.5396 84.56313 84.58979 84.60596 84.61884 84.63564 84.6536 84.66993 84.68979 84.71835 84.74646 84.76502 84.77725 84.78638 84.79507 84.80597 84.8235 84.8521 84.88444 84.91315 84.93549 84.94878 84.96162 84.98272 85.0029 85.01295 85.01707 85.01971 85.02915 85.05387 85.08871 85.12844
-9999 -9999 -9999 -9999 -9999 -9999 -9999 -9999 -9999 84.07164 84.08163 84.095 84.11091 84.12878 84.14523 84.15752 84.17278 84.19876 84.23014 84.26202 84.28845 84.30332 84.31469 84.33038 84.3503 84.37421 84.3967 84.41247 84.42765 84.44834 84.46809 84.48088 84.49609 84.52374 84.55215 84.57002 84.58308 84.59746 84.61159 84.62372 84.64107 84.67036 84.69895 84.71369 84.72484 84.74205 84.7599 84.77247 84.78779 84.81375 84.844 84.8725 84.89465 84.90629 84.91525 84.93002 84.94579 84.95829 84.9687 84.97829 84.9921 85.01495 85.04625 85.08494
-9999 -9999 -9999 -9999 -9999 -9999 -9999 -9999 -9999 84.02325 84.04248 84.05939 84.0723 84.08003 84.08877 84.10495 84.12916 84.16152 84.19592 84.22589 84.25142 84.27216 84.28792 84.29818 84.30906 84.32622 84.34599 84.36461 84.38181 84.39783 84.41386 84.43159 84.45361 84.48312 84.51119 84.52902 84.54266 84.55775 84.57127 84.57961 84.59268 84.6199 84.64756 84.66148 84.6739 84.69721 84.72141 84.737 84.75191 84.7747 84.80079 84.82625 84.8455 84.85309 84.85877 84.87181 84.88778 84.90153 84.91628 84.93494 84.95666 84.98032 85.00768 85.04063
-9999 -9999 -9999 -9999 -9999 -9999 -9999 -9999 -9999 83.97126 83.99348 84.01254 84.0272 84.03626 84.04844 84.07248 84.10498 84.14247 84.17644 84.19834 84.21347 84.22712 84.23866 84.24752 84.25962 84.28082 84.3025 84.31586 84.3289 84.34961 84.3725 84.39209 84.41271 84.43875 84.46253 84.4763 84.48876 84.50875 84.52758 84.53649 84.54668 84.56938 84.5954 84.61545 84.63303 84.65168 84.66849 84.68047 84.69387 84.71503 84.73941 84.76252 84.77975 84.78632 84.79471 84.8175 84.84179 84.85461 84.86526 84.88334 84.90742 84.93627 84.96593 84.99251
-9999 -9999 -9999 -9999 -9999 -9999 -9999 -9999 -9999 83.9286 83.95002 83.96805 83.98376 83.99845 84.01766 84.04737 84.08283 84.11958 84.14942 84.1646 84.17207 84.17893 84.18703 84.19777 84.2133 84.23537 84.25565 84.2659 84.27805 84.30366 84.33166 84.35116 84.36828 84.38969 84.40878 84.41942 84.43166 84.45625 84.48015 84.49049 84.49927 84.51806 84.54288 84.56911 84.59113 84.60277 84.60932 84.61549 84.62698 84.64899 84.67437 84.69627 84.71246 84.72131 84.73473 84.7654 84.79562 84.80817 84.81507 84.8289 84.85102 84.88244 84.91407 84.93618
-9999 -9999 -9999 -9999 -9999 -9999 -9999 -9999 -9999 83.90833 83.9278 83.93959 83.9505 83.96751 83.9899 84.01704 84.04533 84.07078 84.09275 84.10995 84.12472 84.13873 84.15314 84.16872 84.18147 84.18705 84.19495 84.21462 84.23861 84.26002 84.27933 84.29754 84.31558 84.33504 84.35285 84.36621 84.3819 84.4062 84.42862 84.4381 84.4466 84.46558 84.49049 84.51628 84.53725 84.54797 84.55237 84.55505 84.56475 84.59085 84.62078 84.64252 84.65909 84.67372 84.69074 84.71411 84.73722 84.75288 84.76508 84.77746 84.7941 84.81878 84.84525 84.86755
-9999 -9999 -9999 -9999 -9999 -9999 -9999 -9999 -9999 83.88855 83.90548 83.91346 83.92138 83.93845 83.96028 83.98282 84.00309 84.01847 84.03403 84.05527 84.0789 84.10142 84.12328 84.14455 84.15466 84.14273 84.13696 84.16531 84.20145 84.21873 84.22907 84.24482 84.26344 84.28284 84.30212 84.32085 84.34027 84.36205 84.37981 84.38701 84.39526 84.41573 84.44038 84.46059 84.47709 84.49006 84.49864 84.50133 84.5103 84.53752 84.56918 84.5919 84.61004 84.62846 84.6458 84.66127 84.67731 84.69683 84.7152 84.72777 84.73975 84.756 84.77667 84.80131
-9999 -9999 -9999 -9999 -9999 -9999 -9999 -9999 83.83453 83.84772 83.86169 83.87586 83.89048 83.90626 83.92429 83.94579 83.96719 83.98456 84.00145 84.02121 84.0421 84.06204 84.08375 84.10952 84.12336 84.10873 84.09763 84.12186 84.15724 84.17982 84.1945 84.20668 84.2207 84.24126 84.26459 84.28705 84.30811 84.32704 84.34055 84.34498 84.35188 84.37244 84.39471 84.4063 84.41587 84.43251 84.44861 84.45712 84.46651 84.48586 84.51018 84.53503 84.55629 84.56995 84.58356 84.60409 84.6272 84.64787 84.66537 84.6787 84.69107 84.70544 84.72494 84.75291
-9999 -9999 -9999 -9999 -9999 -9999 -9999 -9999 83.79613 83.80471 83.81726 83.84027 83.86388 83.87833 83.89188 83.91303 83.93669 83.95803 83.97672 83.99281 84.00706 84.02028 84.03786 84.06477 84.08454 84.08016 84.07427 84.08933 84.11555 84.14282 84.16441 84.17377 84.18278 84.20377 84.2291 84.25158 84.27138 84.28922 84.3019 84.30638 84.31318 84.33244 84.35087 84.35465 84.3587 84.37743 84.40014 84.41548 84.42674 84.4368 84.45158 84.47722 84.50169 84.51348 84.52615 84.55385 84.58425 84.60544 84.62086 84.63433 84.64799 84.66371 84.68492 84.71461
-9999 -9999 -9999 -9999 -9999 -9999 -9999 -9999 83.7686 83.77876 83.79285 83.82018 83.84764 83.86208 83.87332 83.89124 83.91094 83.92751 83.94188 83.95501 83.96649 83.97587 83.98894 84.01148 84.03521 84.05185 84.06374 84.07312 84.08572 84.10728 84.12768 84.1367 84.14511 84.16375 84.18493 84.20087 84.21642 84.23647 84.25493 84.26566 84.2758 84.29252 84.30625 84.30753 84.31004 84.32752 84.35062 84.37001 84.38409 84.39128 84.40125 84.42375 84.45065 84.47376 84.49624 84.52124 84.54626 84.56876 84.58685 84.59876 84.61044 84.62793 84.65094 84.67917
-9999 -9999 -9999 -9999 -9999 -9999 -9999 -9999 83.74344 83.75513 83.77078 83.79935 83.82763 83.84266 83.8534 83.86921 83.8847 83.89471 83.90324 83.91464 83.92594 83.93394 83.94315 83.95767 83.98062 84.01472 84.04431 84.05387 84.05766 84.06995 84.08444 84.09513 84.10647 84.12344 84.13869 84.14526 84.15423 84.17731 84.20351 84.22152 84.23602 84.25121 84.26229 84.26404 84.26789 84.28486 84.3073 84.32714 84.34212 84.34982 84.35803 84.37501 84.40042 84.43438 84.4668 84.48812 84.50566 84.52714 84.54714 84.56026 84.57326 84.59256 84.61516 84.63755
-9999 -9999 -9999 -9999 -9999 -9999 -9999 -9999 83.71199 83.71939 83.7333 83.76147 83.78993 83.80522 83.81709 83.83557 83.85299 83.86123 83.86751 83.87871 83.89096 83.89998 83.90672 83.91183 83.92598 83.95937 83.99413 84.01251 84.02122 84.02753 84.03525 84.04876 84.06589 84.085 84.09753 84.09498 84.09642 84.12054 84.15159 84.17308 84.19016 84.20744 84.22034 84.22379 84.23016 84.25207 84.27726 84.29376 84.30454 84.31293 84.32101 84.33127 84.34879 84.37868 84.41125 84.43617 84.45535 84.46996 84.48557 84.50742 84.53127 84.55252 84.56963 84.58128
-9999 -9999 -9999 -9999 -9999 -9999 -9999 -9999 83.68381 83.686 83.69606 83.72007 83.74553 83.75992 83.77303 83.79469 83.8158 83.82721 83.83571 83.84813 83.86025 83.86784 83.8717 83.87268 83.88115 83.90746 83.93927 83.96417 83.97957 83.98284 83.98663 84.00365 84.02632 84.04709 84.05766 84.04974 84.04568 84.06797 84.09901 84.12112 84.14044 84.16312 84.18149 84.18784 84.19637 84.22134 84.24718 84.25826 84.26373 84.27283 84.28259 84.29002 84.30074 84.32034 84.34675 84.37791 84.40316 84.41172 84.42108 84.44906 84.48198 84.50628 84.52049 84.52317
-9999 -9999 -9999 -9999 -9999 -9999 -9999 -9999 83.66813 83.66958 83.67458 83.68875 83.70513 83.7169 83.72994 83.75063 83.77324 83.79252 83.80903 83.82375 83.83252 83.83123 83.83004 83.83873 83.85603 83.88044 83.90531 83.92413 83.93573 83.93877 83.94487 83.96584 83.99057 84.00835 84.0155 84.0088 84.00497 84.02126 84.04566 84.06621 84.08909 84.11995 84.14687 84.15747 84.16564 84.18495 84.20355 84.20912 84.21193 84.2217 84.23503 84.24876 84.26154 84.27253 84.29066 84.3254 84.35715 84.36671 84.37257 84.39368 84.42285 84.45245 84.47346 84.47623
-9999 -9999 -9999 -9999 -9999 -9999 -9999 -9999 83.65469 83.65762 83.65929 83.66543 83.67403 83.6833 83.69579 83.71417 83.73682 83.76173 83.78484 83.80173 83.8082 83.79969 83.79456 83.81091 83.83625 83.8578 83.87502 83.88751 83.89481 83.8969 83.90405 83.92699 83.95324 83.97074 83.9781 83.97406 83.97134 83.98245 84.00034 84.01747 84.04037 84.07515 84.10744 84.12242 84.13065 84.14288 84.15358 84.15769 84.16139 84.17139 84.18732 84.20937 84.22813 84.23436 84.24509 84.27711 84.31026 84.32372 84.33083 84.34464 84.36694 84.39919 84.42601 84.43222
-9999 -9999 -9999 -9999 -9999 -9999 -9999 -9999 83.63323 83.63747 83.64051 83.64793 83.65728 83.66624 83.67811 83.69624 83.71768 83.73957 83.76027 83.7783 83.78772 83.78251 83.77813 83.78997 83.80731 83.81921 83.83125 83.84911 83.86195 83.85879 83.85807 83.87875 83.9087 83.93626 83.95216 83.94753 83.94154 83.9537 83.97188 83.98373 83.99865 84.02576 84.0541 84.07204 84.08424 84.09474 84.10473 84.11477 84.1246 84.13377 84.14811 84.17375 84.19715 84.20502 84.21163 84.23167 84.25496 84.27163 84.28664 84.30495 84.3273 84.35412 84.37584 84.38245
-9999 -9999 -9999 -9999 -9999 -9999 -9999 -9999 83.61334 83.61876 83.62437 83.63625 83.64835 83.65469 83.66259 83.67934 83.69899 83.71528 83.73094 83.74839 83.76142 83.76342 83.76305 83.76872 83.77632 83.78145 83.79111 83.81228 83.82822 83.82244 83.81726 83.83551 83.86678 83.90099 83.92373 83.92078 83.91505 83.92933 83.94766 83.95374 83.95924 83.97556 83.99719 84.01805 84.03607 84.04939 84.06187 84.07783 84.09186 84.09898 84.10968 84.1349 84.16103 84.17455 84.18166 84.18819 84.19872 84.21725 84.24227 84.27181 84.29953 84.31877 84.32989 84.33347
-9999 -9999 -9999 -9999 -9999 -9999 -9999 -9999 83.60478 83.61083 83.61697 83.6304 83.64072 83.63752 83.63467 83.64627 83.6636 83.67836 83.69215 83.70711 83.71962 83.72623 83.73159 83.73997 83.75043 83.76169 83.77209 83.77997 83.78483 83.78587 83.79185 83.81165 83.83731 83.86105 83.87849 83.88567 83.89108 83.90376 83.91502 83.91624 83.91743 83.9283 83.94711 83.97163 83.99632 84.01518 84.03043 84.04393 84.05362 84.05711 84.06444 84.08585 84.11182 84.13336 84.14612 84.14629 84.14841 84.16752 84.2 84.24245 84.27915 84.29415 84.29555 84.29124
-9999 -9999 -9999 -9999 -9999 -9999 -9999 -9999 83.59121 83.59824 83.6051 83.61677 83.62289 83.61306 83.60388 83.61199 83.6283 83.64366 83.65697 83.66711 83.67618 83.68627 83.69752 83.71001 83.72492 83.74343 83.75578 83.75211 83.74777 83.75803 83.77617 83.79541 83.81194 83.82189 83.83217 83.84959 83.86684 83.87657 83.87993 83.87806 83.87868 83.8895 83.90865 83.93429 83.96082 83.98267 83.99839 84.00653 84.01016 84.01232 84.01934 84.03752 84.06207 84.08814 84.10689 84.1094 84.11153 84.12917 84.1618 84.20885 84.24976 84.26389 84.26134 84.25224
