Input_dtm.txt
ncols         195
nrows         219
xllcorner     208046.22605602
yllcorner     1378441.3891097
cellsize      1
NODATA_value  -9999
[rows 112 to 139 of 219, columns 0 to 63 of 195]
-9999 -9999 -9999 -9999 -9999 82.5475 82.54158 82.53873 82.53566 82.52875 82.52023 82.51209 82.50646 82.50542 82.50708 82.50958 82.50916 82.50211 82.50019 82.5154 82.52803 82.51834 82.50383 82.50187 82.50874 82.52065 82.53455 82.54747 82.55656 82.55876 82.55978 82.56544 82.57455 82.58625 82.59447 82.59335 82.59218 82.60042 82.60941 82.6104 82.61034 82.61581 82.62199 82.62371 82.62013 82.61001 82.60199 82.60458 82.6124 82.62 82.6254 82.62667 82.62687 82.62917 82.62811 82.61836 82.60905 82.6096 82.61778 82.63161 82.64565 82.65414 82.65659 82.65208
-9999 -9999 -9999 -9999 -9999 82.52815 82.51924 82.51252 82.50839 82.50721 82.50702 82.50584 82.5036 82.50022 82.49788 82.49876 82.49757 82.48898 82.48508 82.49801 82.50877 82.49831 82.48573 82.49016 82.50146 82.50948 82.5172 82.52761 82.53584 82.53699 82.53622 82.53867 82.54633 82.56124 82.57558 82.58147 82.58212 82.58075 82.57886 82.57795 82.57803 82.57909 82.58163 82.58617 82.59077 82.59355 82.59599 82.59959 82.60355 82.60709 82.6097 82.61085 82.61025 82.60763 82.60211 82.59284 82.58531 82.58501 82.5896 82.59678 82.60661 82.61919 82.62837 82.62804
-9999 -9999 -9999 -9999 -9999 82.50503 82.50156 82.49627 82.49156 82.49001 82.49155 82.49625 82.49708 82.48711 82.47816 82.48207 82.48772 82.48376 82.47928 82.48331 82.4858 82.47646 82.46882 82.47623 82.48964 82.49979 82.50983 82.5229 82.53052 82.52419 82.515 82.51418 82.52071 82.53376 82.54907 82.56248 82.56834 82.56084 82.55097 82.54957 82.55169 82.55207 82.55325 82.55751 82.56373 82.57085 82.57821 82.58543 82.58968 82.58835 82.5854 82.58503 82.58285 82.57457 82.56733 82.56791 82.57209 82.57542 82.57687 82.57541 82.57949 82.5975 82.61561 82.62
-9999 -9999 -9999 -9999 -9999 82.48165 82.48551 82.48406 82.48009 82.47624 82.47593 82.48251 82.48449 82.47054 82.45898 82.46833 82.48215 82.48407 82.47931 82.47313 82.46581 82.4575 82.45456 82.46317 82.47659 82.48799 82.49992 82.51507 82.52225 82.51024 82.49507 82.49303 82.49942 82.5097 82.52315 82.53922 82.54758 82.53806 82.52546 82.52447 82.52884 82.53207 82.53447 82.53613 82.53886 82.54425 82.55291 82.56519 82.57363 82.57065 82.56292 82.55732 82.55109 82.5417 82.53717 82.54579 82.55779 82.56358 82.56358 82.55832 82.55942 82.5784 82.59966 82.60726
-9999 -9999 -9999 -9999 -9999 82.46167 82.46793 82.47002 82.46876 82.46501 82.4622 82.46376 82.46345 82.45502 82.45156 82.46622 82.48342 82.4875 82.48167 82.46918 82.45548 82.44605 82.44438 82.45395 82.46568 82.47041 82.47491 82.48584 82.49274 82.48505 82.47533 82.47625 82.48407 82.495 82.5061 82.51439 82.51668 82.50982 82.50206 82.50169 82.50698 82.51624 82.52292 82.52043 82.51584 82.51627 82.52419 82.54209 82.55823 82.56084 82.55251 82.53587 82.5216 82.52043 82.52516 82.52856 82.53087 82.53233 82.53377 82.53625 82.54147 82.55126 82.56178 82.56919
-9999 -9999 -9999 -9999 -9999 82.44811 82.45242 82.4553 82.45567 82.45229 82.44751 82.44356 82.44142 82.44219 82.44903 82.4652 82.47936 82.48022 82.47144 82.45689 82.44249 82.43421 82.4336 82.442 82.44999 82.44792 82.44518 82.45101 82.45726 82.45544 82.4535 82.45948 82.46946 82.47969 82.48667 82.48711 82.48399 82.48064 82.47852 82.47916 82.4855 82.50028 82.51109 82.5053 82.49437 82.48957 82.49496 82.51434 82.53501 82.54397 82.53875 82.51701 82.49888 82.50479 82.51552 82.51199 82.50368 82.50024 82.50303 82.51361 82.52303 82.52218 82.52021 82.52601
-9999 -9999 -9999 -9999 -9999 82.44416 82.4426 82.44125 82.43885 82.43419 82.42905 82.42542 82.42603 82.43375 82.44458 82.45457 82.45785 82.44832 82.43378 82.42163 82.41441 82.41415 82.41751 82.42081 82.42262 82.42122 82.42113 82.42668 82.43123 82.42835 82.42749 82.43835 82.45049 82.45377 82.45384 82.45644 82.45814 82.45519 82.45258 82.45499 82.46376 82.47997 82.49146 82.48586 82.47406 82.4671 82.46809 82.48042 82.49549 82.50504 82.5063 82.49709 82.48772 82.48872 82.49266 82.49185 82.48886 82.48605 82.48692 82.49498 82.50148 82.49753 82.49312 82.49834
-9999 -9999 -9999 -9999 -9999 82.43832 82.43485 82.43021 82.42382 82.415 82.40809 82.40741 82.41233 82.4224 82.43182 82.43501 82.42953 82.41317 82.39643 82.3901 82.39088 82.39541 82.39954 82.39895 82.39687 82.39637 82.39913 82.40675 82.41267 82.41022 82.4104 82.42428 82.43629 82.43096 82.42387 82.43079 82.43896 82.43578 82.43085 82.43374 82.44344 82.45872 82.46977 82.46656 82.45747 82.45073 82.44806 82.45102 82.45709 82.46368 82.4695 82.47366 82.47359 82.46706 82.46204 82.46688 82.47314 82.47265 82.47108 82.47424 82.47771 82.47688 82.47569 82.4779
-9999 -9999 -9999 -9999 82.41116 82.41917 82.42551 82.42459 82.41594 82.39919 82.38583 82.38751 82.39539 82.40085 82.4045 82.40705 82.40534 82.39585 82.38741 82.38876 82.39155 82.3875 82.38313 82.38498 82.38604 82.37915 82.37529 82.38541 82.39946 82.40749 82.41532 82.42873 82.43594 82.42502 82.41334 82.41831 82.42656 82.42458 82.41991 82.41999 82.42625 82.43997 82.45177 82.4521 82.44698 82.44251 82.43906 82.43709 82.43707 82.43959 82.44258 82.44418 82.44218 82.43436 82.4294 82.43559 82.44342 82.4429 82.44122 82.44538 82.45262 82.46001 82.46291 82.45669
-9999 -9999 -9999 -9999 82.38017 82.39402 82.41007 82.41373 82.40543 82.38544 82.36894 82.37105 82.37871 82.37887 82.37699 82.37876 82.38177 82.38381 82.38747 82.39545 82.39693 82.38106 82.36604 82.37007 82.37511 82.36282 82.35326 82.36637 82.38857 82.40608 82.41936 82.42896 82.42975 82.4168 82.40378 82.40459 82.40974 82.40991 82.40765 82.40562 82.40845 82.42059 82.43209 82.43269 82.43049 82.43332 82.43506 82.42938 82.42247 82.42043 82.41912 82.41451 82.40784 82.40067 82.39795 82.40501 82.41306 82.41357 82.41345 82.41988 82.43019 82.44164 82.446 82.4348
-9999 -9999 -9999 -9999 82.35867 82.37042 82.38398 82.38712 82.38242 82.37253 82.36397 82.36333 82.36574 82.36626 82.36397 82.35793 82.3556 82.36439 82.3775 82.38813 82.38747 82.36671 82.34597 82.34543 82.34898 82.3404 82.33643 82.35353 82.37697 82.39188 82.39976 82.40211 82.39817 82.38713 82.37681 82.37503 82.37753 82.38003 82.3819 82.38253 82.38627 82.39751 82.40533 82.3988 82.39577 82.41418 82.42989 82.41878 82.40025 82.39378 82.39273 82.39044 82.38528 82.37566 82.37127 82.38188 82.39578 82.40125 82.40386 82.40916 82.41438 82.41669 82.41607 82.41253
-9999 -9999 -9999 -9999 82.34608 82.35168 82.35786 82.35899 82.35816 82.35876 82.35903 82.35741 82.35564 82.35564 82.35304 82.34355 82.33825 82.34811 82.36297 82.37248 82.37096 82.35252 82.33242 82.32584 82.32504 82.32219 82.32544 82.34291 82.36209 82.37054 82.371 82.36649 82.35934 82.35222 82.34596 82.34155 82.34145 82.34789 82.3558 82.35979 82.3641 82.37279 82.37581 82.36286 82.35829 82.38667 82.41239 82.40015 82.37595 82.36617 82.36494 82.36658 82.36543 82.35589 82.35077 82.36274 82.37991 82.39019 82.39579 82.39883 82.39739 82.3894 82.38368 82.38918
-9999 -9999 -9999 -9999 82.34187 82.34125 82.34251 82.34374 82.34406 82.34249 82.34218 82.34626 82.3477 82.33961 82.33187 82.33459 82.34131 82.34561 82.34936 82.35435 82.35528 82.34668 82.33491 82.32627 82.32073 82.31833 82.32098 82.3306 82.34145 82.34773 82.34785 82.34044 82.33177 82.32835 82.32489 82.31628 82.3132 82.32663 82.34249 82.34666 82.34636 82.34872 82.34785 82.33751 82.33376 82.35245 82.37151 82.36833 82.35521 82.34419 82.3375 82.33752 82.33926 82.33794 82.33801 82.34418 82.35384 82.36456 82.37267 82.37456 82.37139 82.36417 82.3596 82.36414
-9999 -9999 -9999 -9999 82.33579 82.33095 82.32947 82.33188 82.33282 82.3269 82.32299 82.33001 82.33387 82.32046 82.311 82.32681 82.34513 82.34314 82.33529 82.3361 82.34007 82.34167 82.33922 82.33105 82.32253 82.31906 82.31895 82.32047 82.32275 82.32487 82.32422 82.31821 82.31284 82.31413 82.31274 82.2993 82.29189 82.30862 82.32965 82.33501 82.33228 82.32908 82.32526 82.32065 82.31853 82.3222 82.32993 82.33991 82.34308 82.33034 82.31532 82.31168 82.31504 82.32095 82.32589 82.32637 82.32768 82.33512 82.34276 82.34481 82.34315 82.33982 82.33801 82.34094
-9999 -9999 -9999 -9999 82.31752 82.31249 82.31033 82.31374 82.3172 82.315 82.31095 82.30876 82.30602 82.30045 82.30078 82.31603 82.33008 82.32691 82.31921 82.32001 82.325 82.32999 82.33115 82.32458 82.31689 82.31459 82.31521 82.31625 82.31365 82.30336 82.2939 82.29398 82.29989 82.30812 82.30849 82.29086 82.27636 82.28625 82.30491 82.31665 82.32105 82.3175 82.31189 82.31 82.30907 82.30625 82.31063 82.33123 82.34457 82.3271 82.30324 82.2975 82.30083 82.30418 82.30717 82.3096 82.31135 82.31251 82.31425 82.3179 82.3195 82.31499 82.31326 82.3229
-9999 -9999 -9999 -9999 82.29681 82.29346 82.29203 82.2947 82.29889 82.30219 82.3 82.28784 82.27792 82.28262 82.29359 82.30259 82.30711 82.30447 82.30072 82.30165 82.3052 82.30904 82.31084 82.30801 82.30473 82.30499 82.30757 82.3112 82.3068 82.28541 82.26755 82.27396 82.29012 82.30157 82.30103 82.28127 82.262 82.26289 82.27642 82.29476 82.30814 82.30656 82.30074 82.30136 82.30336 82.30167 82.30613 82.32661 82.33857 82.31758 82.28996 82.2823 82.28416 82.28509 82.28704 82.29176 82.29494 82.29208 82.28973 82.29436 82.29791 82.29221 82.29093 82.30781
-9999 -9999 -9999 -9999 82.28345 82.28124 82.28157 82.27999 82.27969 82.28372 82.28406 82.27253 82.26312 82.27 82.2817 82.28688 82.28697 82.28356 82.2792 82.27664 82.27576 82.27623 82.27845 82.28246 82.28699 82.29043 82.29391 82.29852 82.29479 82.27316 82.25563 82.26436 82.2806 82.28564 82.27911 82.26088 82.24406 82.24206 82.2524 82.27247 82.28906 82.28874 82.28481 82.29041 82.29937 82.30542 82.30891 82.31023 82.30397 82.28487 82.26411 82.25336 82.25238 82.26127 82.2705 82.27085 82.26833 82.26916 82.27176 82.27457 82.27586 82.27375 82.27677 82.2933
-9999 -9999 -9999 -9999 82.27579 82.27219 82.27053 82.26251 82.2567 82.26188 82.26681 82.26043 82.2538 82.25813 82.26576 82.2691 82.26859 82.26453 82.25904 82.25405 82.2505 82.24906 82.251 82.25737 82.26461 82.26894 82.27226 82.27647 82.27388 82.25711 82.24368 82.2514 82.26334 82.26277 82.25387 82.24095 82.23022 82.22781 82.23425 82.24997 82.26402 82.2652 82.26437 82.27219 82.28427 82.29625 82.29928 82.28477 82.26407 82.24885 82.23665 82.22533 82.2233 82.23904 82.25353 82.2476 82.23853 82.24342 82.25101 82.24987 82.24696 82.24908 82.25771 82.27437
-9999 -9999 -9999 -9999 82.2722 82.2625 82.25064 82.23499 82.22723 82.23872 82.25198 82.24918 82.24208 82.24251 82.24633 82.24959 82.25062 82.24794 82.24437 82.24292 82.24323 82.245 82.24551 82.24207 82.23855 82.23877 82.24092 82.2431 82.24043 82.22774 82.21723 82.22127 82.23036 82.23542 82.23624 82.23293 82.22803 82.22417 82.22334 82.22748 82.23325 82.23707 82.2397 82.24164 82.24536 82.25288 82.25769 82.25272 82.24206 82.22943 82.21849 82.21291 82.21448 82.22499 82.23195 82.22294 82.21229 82.2146 82.21819 82.21164 82.20485 82.20747 82.22086 82.2458
-9999 -9999 -9999 -9999 82.26566 82.25253 82.23248 82.21108 82.20136 82.21635 82.23432 82.23347 82.22617 82.22491 82.22751 82.23177 82.23447 82.23232 82.23056 82.23448 82.24073 82.24593 82.24423 82.22972 82.21412 82.20915 82.20978 82.2107 82.20809 82.1981 82.18916 82.1897 82.19681 82.2075 82.21735 82.22189 82.2215 82.21658 82.20948 82.20253 82.19985 82.20554 82.21137 82.20909 82.20447 82.20327 82.20702 82.21725 82.22276 82.21227 82.20026 82.20126 82.20724 82.21022 82.20815 82.19899 82.18951 82.18648 82.18388 82.17587 82.16924 82.17096 82.18501 82.21531
-9999 -9999 -9999 -9999 82.24918 82.24251 82.22668 82.20419 82.18939 82.19663 82.20862 82.20795 82.20415 82.2071 82.21322 82.21917 82.22134 82.21627 82.21281 82.21999 82.2297 82.23373 82.22929 82.21335 82.19659 82.18958 82.18897 82.19124 82.19062 82.18127 82.17219 82.1725 82.17759 82.18293 82.1881 82.19295 82.19456 82.19041 82.18243 82.17249 82.16691 82.17164 82.17992 82.18458 82.18365 82.175 82.17034 82.18121 82.19102 82.18295 82.17249 82.17544 82.18279 82.18586 82.18426 82.17794 82.16979 82.16291 82.15863 82.15833 82.1599 82.16125 82.16917 82.19038
-9999 -9999 -9999 -9999 82.2253 82.22803 82.22198 82.20284 82.18499 82.18292 82.18568 82.18232 82.1805 82.18813 82.19878 82.20613 82.2085 82.20406 82.20126 82.20844 82.2168 82.2175 82.21085 82.19709 82.18268 82.17394 82.17134 82.17522 82.1771 82.16867 82.1591 82.15782 82.15957 82.15929 82.15909 82.16113 82.16237 82.15947 82.15352 82.14531 82.1395 82.1405 82.14791 82.16105 82.16781 82.15617 82.14421 82.15032 82.15902 82.15503 82.14833 82.14919 82.15372 82.15811 82.15977 82.15592 82.14925 82.14218 82.13944 82.14561 82.15333 82.15517 82.15788 82.16829
-9999 -9999 -9999 -9999 82.19657 82.20459 82.20711 82.19545 82.18179 82.17833 82.17616 82.16627 82.15959 82.16708 82.17939 82.1871 82.19302 82.2 82.20593 82.20875 82.20876 82.20626 82.19907 82.18502 82.16909 82.15623 82.1498 82.15292 82.15659 82.1517 82.14262 82.13377 82.12952 82.13419 82.14063 82.14168 82.1398 82.13751 82.13409 82.12877 82.12272 82.1171 82.11794 82.13126 82.14188 82.13461 82.12533 82.13 82.13885 82.14208 82.14083 82.13626 82.13242 82.13335 82.13396 82.12919 82.12378 82.12252 82.12332 82.12418 82.12592 82.12941 82.13573 82.14604
-9999 -9999 -9999 -9999 82.17051 82.17904 82.18581 82.18291 82.17696 82.17448 82.16949 82.15595 82.14653 82.15395 82.16656 82.17272 82.1791 82.1925 82.20322 82.20178 82.1952 82.19057 82.18382 82.17059 82.15528 82.14208 82.13423 82.13478 82.13783 82.13731 82.13078 82.11586 82.1058 82.11397 82.12577 82.12669 82.12296 82.12106 82.11955 82.11708 82.11147 82.10043 82.0948 82.1053 82.11647 82.1126 82.10625 82.10976 82.11931 82.13073 82.13582 82.12637 82.11382 82.10981 82.10755 82.10054 82.09515 82.09804 82.10072 82.09498 82.09035 82.09623 82.10894 82.12444
-9999 -9999 -9999 -9999 82.15459 82.15835 82.16195 82.16625 82.1677 82.16293 82.15509 82.14751 82.14656 82.15872 82.17186 82.17376 82.17094 82.16998 82.1696 82.16829 82.16573 82.16107 82.15489 82.14733 82.1407 82.13708 82.13459 82.13125 82.12968 82.13249 82.13177 82.11959 82.107 82.105 82.10752 82.10832 82.10793 82.10666 82.10532 82.10458 82.10064 82.08959 82.08324 82.09332 82.10228 82.09253 82.07956 82.07919 82.08914 82.10751 82.11914 82.1092 82.09295 82.08582 82.08137 82.0729 82.06525 82.06289 82.06214 82.05914 82.05935 82.06814 82.08372 82.10438
-9999 -9999 -9999 -9999 82.14654 82.14427 82.14162 82.14758 82.15247 82.14645 82.13885 82.13896 82.14622 82.16019 82.17112 82.16938 82.1588 82.14337 82.13124 82.13081 82.13322 82.12943 82.12389 82.12078 82.12206 82.12949 82.13432 82.12781 82.12083 82.12427 82.12812 82.12251 82.11118 82.09804 82.08885 82.08949 82.09344 82.09437 82.09344 82.09187 82.08704 82.07624 82.07066 82.08131 82.0887 82.07302 82.05455 82.05342 82.06489 82.08408 82.09596 82.08576 82.06886 82.06096 82.056 82.04815 82.03948 82.0323 82.02874 82.03103 82.03789 82.04796 82.06297 82.0845
-9999 -9999 -9999 82.13749 82.14406 82.13876 82.13073 82.12917 82.12966 82.12792 82.12656 82.12834 82.13216 82.1371 82.14023 82.13871 82.13306 82.12334 82.11459 82.11166 82.1106 82.10732 82.10247 82.09649 82.09603 82.1075 82.11684 82.11002 82.09989 82.0996 82.10246 82.1021 82.09644 82.08377 82.07294 82.0729 82.07844 82.08414 82.08594 82.07958 82.06751 82.05207 82.04441 82.05543 82.06496 82.05295 82.04021 82.0479 82.06292 82.07209 82.07144 82.05712 82.04088 82.03457 82.0323 82.02791 82.02356 82.02126 82.02158 82.025 82.03093 82.03874 82.04935 82.06375
-9999 -9999 -9999 82.12716 82.13283 82.12906 82.12096 82.11343 82.10993 82.11373 82.11852 82.11783 82.11406 82.10971 82.10639 82.10595 82.10609 82.10471 82.10158 82.09669 82.09238 82.09109 82.08721 82.07496 82.06786 82.07931 82.091 82.08469 82.0735 82.07044 82.07167 82.07345 82.07241 82.06544 82.05789 82.05533 82.05835 82.06776 82.07305 82.0638 82.04668 82.02824 82.01855 82.02747 82.03795 82.0326 82.0285 82.04257 82.05774 82.05669 82.0452 82.02921 82.01534 82.01054 82.01032 82.01043 82.01127 82.01344 82.01663 82.02061 82.02524 82.0303 82.03452 82.03643
