Input_dtm.txt
ncols         195
nrows         219
xllcorner     208046.22605602
yllcorner     1378441.3891097
cellsize      1
NODATA_value  -9999
[rows 84 to 111 of 219, columns 64 to 127 of 195]
83.29968 83.30251 83.31216 83.33624 83.36025 83.37001 83.37404 83.38127 83.38918 83.39536 83.40983 83.44203 83.47728 83.50037 83.51711 83.53289 83.54938 83.56792 83.58705 83.60542 83.62497 83.6479 83.67414 83.70374 83.73444 83.76414 83.7981 83.8416 83.88416 83.91494 83.93657 83.95118 83.97314 84.0162 84.06612 84.1083 84.14247 84.16833 84.19078 84.215 84.24246 84.27499 84.30589 84.32876 84.35438 84.39365 84.43469 84.46496 84.49686 84.54242 84.58968 84.62622 84.66184 84.70621 84.74371 84.75874 84.76807 84.78874 84.81621 84.84626 84.87521 84.89999 84.92221 84.94374
83.27981 83.28195 83.29071 83.30417 83.31956 83.33427 83.34475 83.34773 83.34896 83.35449 83.3718 83.40863 83.44759 83.47132 83.48676 83.5006 83.51626 83.53683 83.56046 83.58498 83.60981 83.63425 83.65965 83.68739 83.71614 83.74477 83.77447 83.80665 83.83569 83.85587 83.87494 83.90083 83.93786 83.99056 84.04472 84.08575 84.11514 84.1339 84.15202 84.179 84.21225 84.24875 84.27832 84.29096 84.30706 84.34748 84.39354 84.42689 84.46103 84.50996 84.56248 84.60744 84.65158 84.70138 84.73785 84.74174 84.74022 84.76026 84.7868 84.8044 84.82507 84.86101 84.89829 84.92291
83.24825 83.25542 83.26814 83.28043 83.29312 83.30708 83.31876 83.3246 83.33052 83.34248 83.36372 83.39746 83.4306 83.45 83.46075 83.46794 83.48189 83.51291 83.54644 83.56792 83.58678 83.6125 83.6404 83.66582 83.69022 83.715 83.74124 83.76999 83.79583 83.81335 83.83593 83.87704 83.92329 83.96124 83.99409 84.02504 84.05313 84.07751 84.10471 84.14125 84.18029 84.21499 84.24252 84.26002 84.2803 84.31623 84.35719 84.3925 84.42998 84.47747 84.52905 84.57874 84.62458 84.66459 84.69406 84.70834 84.72021 84.74249 84.76842 84.79122 84.81631 84.84913 84.88093 84.90291
83.21779 83.22874 83.24473 83.26031 83.27334 83.28189 83.28997 83.30189 83.31788 83.3384 83.36241 83.38872 83.41093 83.42245 83.4285 83.43383 83.45063 83.49072 83.5304 83.54606 83.55692 83.58261 83.61382 83.64156 83.66512 83.68407 83.70399 83.73056 83.75677 83.77528 83.80347 83.85856 83.91107 83.93112 83.94157 83.96503 83.99581 84.02843 84.06558 84.11031 84.15215 84.18093 84.20464 84.23157 84.26116 84.29307 84.3278 84.36559 84.40732 84.4537 84.50271 84.55214 84.59343 84.61778 84.639 84.67061 84.7037 84.72937 84.75528 84.78933 84.82237 84.8453 84.86324 84.88125
83.20136 83.20789 83.2209 83.23916 83.25279 83.25211 83.25247 83.2696 83.29516 83.32124 83.34466 83.36246 83.37314 83.37495 83.37943 83.39747 83.42686 83.46494 83.49783 83.51123 83.52141 83.54458 83.57745 83.61708 83.64955 83.66126 83.66842 83.68752 83.71058 83.72961 83.76169 83.82406 83.8827 83.90332 83.91457 83.94496 83.98277 84.01623 84.05153 84.09495 84.1334 84.15376 84.1712 84.20123 84.23683 84.27124 84.30777 84.34997 84.39683 84.44746 84.49683 84.53996 84.57081 84.58331 84.59939 84.64078 84.68642 84.71497 84.74153 84.78122 84.81663 84.83043 84.83817 84.85543
83.18841 83.18908 83.1972 83.21718 83.23201 83.22462 83.21909 83.23958 83.27097 83.29811 83.31883 83.33096 83.33525 83.33253 83.33862 83.36936 83.4081 83.43811 83.45993 83.47408 83.48802 83.50926 83.54202 83.5905 83.63027 83.63691 83.63488 83.64877 83.67006 83.69022 83.72443 83.78795 83.84993 83.87939 83.9003 83.93683 83.97676 84.0078 84.03865 84.07809 84.11272 84.12907 84.14328 84.17154 84.20795 84.24655 84.28896 84.33685 84.38746 84.43808 84.48481 84.52374 84.54965 84.55741 84.57172 84.61736 84.66916 84.70186 84.73037 84.76966 84.80228 84.81075 84.81431 84.83229
83.16846 83.16833 83.17408 83.19458 83.21143 83.20628 83.20249 83.22372 83.25372 83.27625 83.2931 83.30626 83.31532 83.32 83.33123 83.35996 83.39186 83.41247 83.42813 83.44497 83.46437 83.4875 83.51809 83.55998 83.59401 83.6013 83.60342 83.6225 83.64846 83.67124 83.70517 83.76453 83.82465 83.86081 83.88583 83.91245 83.94064 83.96995 84.00314 84.04243 84.07875 84.10252 84.12185 84.145 84.17496 84.215 84.26307 84.31747 84.36807 84.40501 84.44002 84.48493 84.52281 84.53624 84.5525 84.59869 84.65278 84.69247 84.72498 84.75748 84.78247 84.79252 84.80033 84.81874
83.14463 83.14752 83.1536 83.17188 83.18878 83.19074 83.19328 83.21197 83.23521 83.25137 83.26549 83.28261 83.30064 83.31749 83.33452 83.35311 83.37102 83.38594 83.40142 83.42094 83.44359 83.46844 83.49548 83.5247 83.54861 83.55972 83.57188 83.59906 83.63095 83.65718 83.68987 83.74112 83.79476 83.83458 83.86262 83.88094 83.90009 83.93063 83.96695 84.00345 84.03905 84.07271 84.1021 84.12489 84.15115 84.19093 84.2403 84.29528 84.34123 84.36346 84.38792 84.44061 84.49377 84.51958 84.54249 84.58704 84.63815 84.68061 84.71468 84.74062 84.75969 84.77313 84.78609 84.80375
83.12002 83.12832 83.13779 83.14958 83.16152 83.17166 83.18185 83.19417 83.20704 83.21917 83.23372 83.25413 83.27853 83.30495 83.32562 83.33248 83.33845 83.35619 83.37875 83.39872 83.4187 83.44125 83.46371 83.48377 83.5015 83.51751 83.53777 83.56873 83.60286 83.6325 83.66431 83.70493 83.74815 83.78743 83.82217 83.85119 83.88091 83.91747 83.95216 83.97622 84.00111 84.03833 84.07901 84.11455 84.14956 84.18871 84.23059 84.27373 84.30931 84.32871 84.35406 84.40742 84.46611 84.50704 84.54246 84.58454 84.62611 84.65996 84.68871 84.71501 84.73621 84.75001 84.76159 84.77625
83.09521 83.10647 83.1181 83.12522 83.13345 83.14874 83.16373 83.17126 83.17691 83.18632 83.20134 83.2235 83.25037 83.27921 83.2997 83.30113 83.30335 83.32592 83.35385 83.37219 83.38801 83.40874 83.42964 83.44627 83.46333 83.48592 83.51366 83.54621 83.57986 83.6106 83.64045 83.6712 83.70462 83.74215 83.78249 83.82403 83.86561 83.90613 83.93841 83.95553 83.97488 84.01405 84.06255 84.10995 84.15347 84.19028 84.22225 84.25121 84.27754 84.30141 84.33249 84.38014 84.43557 84.48961 84.53784 84.57561 84.6059 84.63187 84.6566 84.68345 84.70613 84.71877 84.729 84.74469
83.07095 83.07747 83.08597 83.09627 83.10819 83.12167 83.13435 83.14419 83.15216 83.15959 83.17154 83.19334 83.2176 83.23703 83.25192 83.26206 83.27491 83.29745 83.32062 83.33495 83.34972 83.37376 83.39995 83.42124 83.44434 83.47622 83.51185 83.54621 83.57781 83.60497 83.62997 83.65498 83.68404 83.72121 83.76154 83.79995 83.83675 83.87202 83.90533 83.93581 83.97008 84.01453 84.06246 84.10705 84.1461 84.17749 84.20341 84.22626 84.25079 84.28206 84.31716 84.35328 84.39791 84.45825 84.51403 84.54453 84.5668 84.59746 84.6278 84.64876 84.66341 84.67504 84.69066 84.71748
83.04268 83.04295 83.04833 83.06532 83.08432 83.09573 83.10533 83.11887 83.13177 83.13949 83.14935 83.16875 83.18698 83.19336 83.20095 83.22282 83.24984 83.27281 83.29024 83.30064 83.31509 83.34468 83.37811 83.40405 83.43147 83.46935 83.50935 83.5431 83.57131 83.59468 83.61687 83.64154 83.67037 83.70498 83.74038 83.77156 83.80016 83.82781 83.86156 83.90842 83.96111 84.01234 84.05871 84.09676 84.12817 84.15468 84.17781 84.19907 84.22593 84.2659 84.30671 84.33603 84.37191 84.43245 84.48952 84.5149 84.53256 84.56655 84.59999 84.61595 84.62565 84.64033 84.66392 84.70027
83.00592 83.0042 83.01227 83.035 83.06027 83.07626 83.08811 83.10125 83.11449 83.12666 83.13957 83.15498 83.16532 83.16291 83.16554 83.19078 83.22488 83.25375 83.27405 83.28251 83.2956 83.32997 83.36747 83.38999 83.41153 83.44624 83.48312 83.5112 83.53499 83.55871 83.58501 83.6162 83.6475 83.6737 83.70001 83.73126 83.76173 83.78585 83.81589 83.86458 83.92232 83.98 84.03119 84.07 84.10031 84.12621 84.14907 84.16997 84.19958 84.24828 84.29975 84.33748 84.3764 84.43161 84.48287 84.50999 84.52718 84.54873 84.5709 84.59001 84.61029 84.63622 84.66626 84.69872
82.97227 82.97092 82.9831 83.01031 83.03967 83.05844 83.0711 83.0823 83.09483 83.11177 83.12859 83.14102 83.14606 83.14062 83.14165 83.16589 83.20178 83.23746 83.26305 83.26843 83.27715 83.31279 83.3523 83.37282 83.3895 83.41781 83.44903 83.47469 83.4984 83.52376 83.55283 83.58767 83.61915 83.63799 83.65842 83.69434 83.73162 83.75581 83.78248 83.82694 83.88251 83.94238 83.99663 84.03563 84.0659 84.09438 84.12129 84.14719 84.18135 84.2333 84.28959 84.33672 84.38063 84.42712 84.4696 84.50121 84.52264 84.53435 84.5467 84.56999 84.60043 84.63436 84.66644 84.69125
82.95304 82.95292 82.96603 82.99622 83.02592 83.03751 83.04263 83.05294 83.0675 83.08541 83.10283 83.11585 83.12261 83.12126 83.12521 83.1479 83.18227 83.22122 83.24812 83.24628 83.24564 83.27623 83.31688 83.34626 83.3703 83.39499 83.42312 83.45748 83.49096 83.51623 83.53894 83.56458 83.58907 83.60835 83.63363 83.67621 83.71965 83.74748 83.77518 83.81828 83.87026 83.92454 83.97173 84.0025 84.02846 84.06126 84.09873 84.13872 84.1809 84.22497 84.26947 84.31291 84.35373 84.39041 84.42513 84.46002 84.49093 84.51373 84.53342 84.55499 84.57905 84.60625 84.63312 84.65628
82.93907 82.93946 82.95053 82.98013 83.00697 83.00986 83.00744 83.01877 83.03683 83.055 83.07151 83.08492 83.09492 83.10143 83.11131 83.13122 83.16085 83.19962 83.2267 83.22093 83.21478 83.24059 83.28104 83.31875 83.35059 83.37374 83.40073 83.44436 83.48746 83.5128 83.52919 83.54531 83.56352 83.58623 83.61833 83.66461 83.71088 83.74278 83.77341 83.81587 83.86472 83.91435 83.95552 83.97906 84.00037 84.035 84.08012 84.13308 84.18339 84.2206 84.25228 84.28601 84.31874 84.34724 84.37738 84.41465 84.45457 84.49234 84.52325 84.5424 84.55667 84.57313 84.59403 84.62157
82.92115 82.92001 82.92612 82.94938 82.97094 82.9719 82.97061 82.98543 83.00749 83.02792 83.04418 83.05377 83.06292 83.07791 83.095 83.11042 83.13199 83.1675 83.19624 83.19752 83.19844 83.22622 83.26497 83.29874 83.32719 83.35001 83.37748 83.41998 83.4625 83.49001 83.50958 83.52832 83.54874 83.57332 83.60519 83.64747 83.69028 83.72374 83.75645 83.79707 83.84496 83.89954 83.94704 83.97373 83.99435 84.02373 84.06435 84.11871 84.17402 84.21746 84.2509 84.27623 84.29874 84.32374 84.35435 84.39371 84.43612 84.47581 84.50842 84.52958 84.54395 84.55625 84.57658 84.61495
82.90443 82.90343 82.90601 82.92188 82.93639 82.93503 82.93369 82.94856 82.97247 82.99863 83.01859 83.02415 83.03084 83.05412 83.07992 83.09384 83.10928 83.1395 83.16734 83.17545 83.18446 83.21498 83.25168 83.27937 83.3027 83.32657 83.3548 83.39154 83.4277 83.45408 83.47759 83.50525 83.53382 83.55997 83.58923 83.62694 83.66725 83.70412 83.74021 83.778 83.82315 83.88139 83.93617 83.97102 83.99537 84.01884 84.05069 84.10028 84.15626 84.20744 84.24724 84.26904 84.28562 84.30966 84.34186 84.38275 84.42449 84.45903 84.48763 84.51155 84.5309 84.54594 84.57003 84.61652
82.89405 82.89875 82.90359 82.91561 82.92218 82.91066 82.8986 82.90378 82.9251 82.96159 82.99281 82.9979 83.00291 83.03369 83.06966 83.08999 83.10638 83.1306 83.1506 83.1544 83.16074 83.18874 83.22433 83.25375 83.27996 83.30624 83.33436 83.3662 83.39437 83.41121 83.43104 83.46783 83.5078 83.53663 83.5655 83.60538 83.6512 83.69788 83.7407 83.77498 83.81152 83.86121 83.91284 83.95539 83.98841 84.01164 84.03853 84.08244 84.13371 84.18243 84.22312 84.24997 84.27124 84.29497 84.32561 84.36748 84.40859 84.43708 84.45966 84.48335 84.50766 84.53248 84.56346 84.60622
82.87663 82.88559 82.89302 82.90516 82.90942 82.89331 82.87444 82.87065 82.88747 82.9306 82.97082 82.97908 82.98445 83.0162 83.05568 83.08403 83.10538 83.12372 83.13593 83.13874 83.14561 83.16997 83.20287 83.23531 83.2656 83.29217 83.31793 83.34592 83.36792 83.37566 83.3909 83.43559 83.48544 83.51623 83.54482 83.58806 83.63932 83.69183 83.73811 83.77058 83.8013 83.84217 83.88863 83.9362 83.97893 84.01091 84.04101 84.07809 84.11794 84.15623 84.19241 84.2259 84.25514 84.2784 84.30585 84.34745 84.38786 84.41142 84.42948 84.45313 84.4828 84.51902 84.55753 84.59393
82.83875 82.84378 82.8485 82.86504 82.87939 82.87751 82.87031 82.86874 82.88196 82.91913 82.95686 82.97166 82.98072 83.00124 83.02938 83.06125 83.08828 83.10189 83.11312 83.13309 83.1573 83.18121 83.20715 83.23746 83.26622 83.28748 83.30748 83.33248 83.35344 83.36125 83.37852 83.42786 83.48151 83.51165 83.538 83.58038 83.62871 83.6729 83.71261 83.74751 83.78373 83.82746 83.87507 83.92288 83.97246 84.02534 84.07127 84.09994 84.1206 84.14249 84.16906 84.20374 84.23686 84.25875 84.2828 84.32247 84.36156 84.38377 84.40198 84.42915 84.46487 84.50871 84.55293 84.58955
82.80092 82.80097 82.80219 82.82034 82.84286 82.85751 82.86583 82.86969 82.88025 82.9088 82.94083 82.96153 82.97517 82.98581 83.00194 83.03183 83.05988 83.07018 83.08425 83.12386 83.16606 83.18811 83.20481 83.23122 83.25939 83.28155 83.30155 83.3234 83.34194 83.35186 83.37203 83.42127 83.47466 83.50695 83.53604 83.57976 83.62357 83.6529 83.68021 83.71812 83.76355 83.8137 83.8641 83.9104 83.9627 84.03125 84.09096 84.11654 84.12601 84.13749 84.15609 84.18684 84.21889 84.24123 84.26561 84.3037 84.34129 84.36407 84.38428 84.41434 84.45292 84.49873 84.54488 84.58434
82.78375 82.785 82.78656 82.79625 82.81091 82.82751 82.84059 82.84503 82.85401 82.88123 82.91267 82.93455 82.95125 82.96705 82.98458 83.00621 83.025 83.03371 83.05157 83.09743 83.14211 83.15628 83.16341 83.18753 83.22273 83.26371 83.29871 83.31624 83.32439 83.33127 83.34963 83.39242 83.44344 83.48621 83.52997 83.58369 83.62807 83.64375 83.65718 83.69494 83.74557 83.79747 83.84775 83.89372 83.94338 84.00497 84.06149 84.09628 84.11841 84.13748 84.15653 84.17872 84.20373 84.23122 84.2634 84.30246 84.33871 84.36249 84.38352 84.41164 84.44611 84.48622 84.52859 84.56956
82.77092 82.77491 82.77813 82.78053 82.78632 82.79969 82.81228 82.81565 82.82342 82.84925 82.87921 82.89928 82.91795 82.94373 82.9678 82.98127 82.98931 82.9972 83.01759 83.0631 83.10515 83.11503 83.11832 83.14063 83.18084 83.23775 83.2859 83.29971 83.29984 83.3072 83.32671 83.3634 83.41161 83.4656 83.52379 83.58461 83.62839 83.63533 83.64018 83.67786 83.7312 83.78288 83.83156 83.8759 83.92013 83.96842 84.01711 84.06249 84.10201 84.1331 84.1563 84.17218 84.19069 84.22183 84.26066 84.30215 84.33891 84.36353 84.38523 84.4133 84.44442 84.47528 84.50956 84.55081
82.74617 82.74957 82.75346 82.76085 82.77176 82.78624 82.79842 82.80251 82.80833 82.82583 82.84705 82.86419 82.88428 82.91454 82.94209 82.95374 82.95846 82.96498 82.98501 83.02993 83.07468 83.09376 83.10468 83.12498 83.15809 83.20747 83.24994 83.26255 83.26755 83.2875 83.31841 83.35621 83.40308 83.4612 83.52152 83.57494 83.61062 83.6175 83.62605 83.66662 83.72183 83.77413 83.821 83.85998 83.89839 83.94373 83.99182 84.03872 84.08089 84.115 84.14124 84.15998 84.17905 84.20621 84.24186 84.28619 84.32697 84.35165 84.37499 84.41164 84.44789 84.46999 84.49347 84.53371
82.71851 82.72086 82.72543 82.73969 82.75739 82.7725 82.78329 82.78824 82.79305 82.80351 82.81744 82.83237 82.85258 82.88204 82.91022 82.92622 82.93485 82.94064 82.95763 82.99998 83.04689 83.07781 83.09966 83.11967 83.14285 83.17438 83.20283 83.21684 83.23306 83.26776 83.31145 83.35434 83.40154 83.45807 83.51176 83.55031 83.57676 83.59438 83.61904 83.66684 83.72271 83.77152 83.81261 83.84531 83.87921 83.92402 83.97335 84.02058 84.06255 84.09592 84.12289 84.1456 84.16725 84.19091 84.22239 84.26736 84.31035 84.33583 84.36096 84.40309 84.44292 84.46124 84.47964 84.51967
82.6971 82.70041 82.70706 82.71958 82.73329 82.74377 82.75102 82.75546 82.76173 82.775 82.79133 82.80706 82.8252 82.8487 82.87502 82.90122 82.92093 82.9275 82.93938 82.97495 83.01806 83.05249 83.08028 83.10375 83.1234 83.14001 83.1562 83.175 83.20223 83.24373 83.29243 83.34119 83.39059 83.44119 83.48311 83.5062 83.52909 83.56995 83.6235 83.68413 83.73902 83.77538 83.80288 83.83123 83.8634 83.90248 83.94901 84.00372 84.05433 84.08872 84.1128 84.13248 84.15373 84.18246 84.21767 84.25829 84.29664 84.32497 84.35143 84.38415 84.41598 84.43999 84.46753 84.50996
82.67581 82.68084 82.68983 82.69897 82.70698 82.71282 82.71772 82.72314 82.73216 82.74799 82.76602 82.78143 82.79638 82.81277 82.83691 82.87473 82.90826 82.91917 82.92924 82.9603 82.99833 83.02935 83.05628 83.08219 83.10075 83.10596 83.11391 83.14088 83.18057 83.2262 83.27535 83.32526 83.37403 83.41964 83.45428 83.47001 83.49389 83.5531 83.62653 83.69315 83.74366 83.76884 83.78687 83.81622 83.85223 83.89028 83.93528 83.99213 84.04519 84.0787 84.10015 84.11685 84.13892 84.17629 84.21832 84.25415 84.28573 84.31507 84.34176 84.36541 84.3914 84.42527 84.464 84.50434
