Input_dtm.txt
ncols         195
nrows         219
xllcorner     208046.22605602
yllcorner     1378441.3891097
cellsize      1
NODATA_value  -9999
[rows 140 to 167 of 219, columns 128 to 191 of 195]
83.78574 83.81376 83.84468 83.88998 83.93895 83.98083 84.0228 84.07207 84.11864 84.1525 84.17688 84.19502 84.21659 84.25125 84.2906 84.32623 84.35811 84.38624 84.41 84.42875 84.44936 84.47871 84.51373 84.55124 84.59064 84.63126 84.66596 84.68754 84.70894 84.74314 84.77793 84.80106 84.81462 84.82087 84.83512 84.8729 84.91687 84.94958 84.97085 84.98045 84.98994 85.01086 85.03587 85.05753 85.06692 85.05506 85.04005 85.04003 85.04305 85.03712 85.02911 85.02588 85.02212 85.01254 84.99319 84.96008 84.92883 84.91505 -9999 -9999 -9999 -9999 -9999 -9999
83.74262 83.77969 83.81783 83.85808 83.90029 83.94421 83.98943 84.03515 84.07881 84.11744 84.14571 84.15779 84.17502 84.21838 84.26906 84.30811 84.33856 84.36375 84.3877 84.41467 84.44183 84.46655 84.48926 84.51057 84.53705 84.57494 84.61195 84.63517 84.65767 84.69202 84.72789 84.75433 84.77285 84.78439 84.80115 84.8353 84.87531 84.9099 84.93166 84.93368 84.93494 84.95495 84.98316 85.00881 85.02122 85.00917 84.99436 84.99808 85.00176 84.98624 84.97019 84.97222 84.97574 84.96474 84.94075 84.906 84.87609 84.86723 -9999 -9999 -9999 -9999 -9999 -9999
83.7 83.74494 83.7881 83.82744 83.86842 83.91619 83.96122 83.99369 84.02534 84.06751 84.10837 84.13623 84.16091 84.19248 84.22835 84.26624 84.30119 84.32877 84.35594 84.38995 84.41936 84.43246 84.44099 84.45621 84.4825 84.52366 84.56553 84.59335 84.61604 84.64272 84.67183 84.70232 84.73061 84.75333 84.77539 84.80167 84.83037 84.86002 84.88022 84.88079 84.88255 84.90578 84.93718 84.96286 84.97411 84.96167 84.94608 84.94752 84.94675 84.92467 84.90057 84.89463 84.89517 84.89133 84.8787 84.8538 84.83318 84.83373 -9999 -9999 -9999 -9999 -9999 -9999
83.66178 83.71187 83.75499 83.79062 83.82843 83.87811 83.92249 83.9444 83.96682 84.01281 84.06618 84.1107 84.14413 84.16418 84.18401 84.21686 84.25344 84.28439 84.3161 84.355 84.38451 84.38806 84.38755 84.40491 84.43684 84.47997 84.52303 84.5547 84.57809 84.59642 84.61771 84.64996 84.68552 84.71677 84.74295 84.76335 84.78185 84.80233 84.818 84.82213 84.82911 84.85336 84.88319 84.9069 84.91763 84.90851 84.89543 84.8944 84.8894 84.86435 84.83623 84.82214 84.81794 84.81944 84.81746 84.80287 84.7911 84.79763 -9999 -9999 -9999 -9999 -9999 -9999
83.63212 83.68249 83.71808 83.74004 83.76536 83.81116 83.85753 83.88371 83.91189 83.96367 84.0201 84.0616 84.09441 84.12413 84.15136 84.17625 84.20245 84.23376 84.26963 84.31001 84.33985 84.34464 84.34779 84.37332 84.40988 84.4462 84.48083 84.51203 84.53751 84.55455 84.57304 84.60245 84.6353 84.66378 84.6888 84.71171 84.72933 84.73922 84.74662 84.75755 84.77121 84.78754 84.80642 84.82785 84.84381 84.84539 84.84266 84.84497 84.84067 84.81751 84.79286 84.78378 84.78125 84.77628 84.76717 84.75256 84.74103 84.74171 -9999 -9999 -9999 -9999 -9999 -9999
83.59563 83.64181 83.66915 83.67963 83.69482 83.73555 83.78483 83.82484 83.86703 83.92237 83.9731 84.00159 84.02823 84.07406 84.11899 84.14345 84.16217 84.19033 84.22416 84.25994 84.28806 84.2984 84.31073 84.34431 84.38342 84.41183 84.43617 84.46273 84.48837 84.51022 84.53205 84.55814 84.58353 84.60336 84.62315 84.64867 84.66913 84.67433 84.67864 84.69672 84.7165 84.72529 84.73367 84.75163 84.76997 84.77882 84.78451 84.79284 84.79396 84.77818 84.76041 84.75607 84.75269 84.73818 84.71906 84.70244 84.68791 84.67527 -9999 -9999 -9999 -9999 -9999 -9999
83.53649 83.57504 83.59959 83.61368 83.63254 83.67117 83.723 83.78074 83.83871 83.89077 83.92842 83.94286 83.96254 84.01532 84.07563 84.11747 84.14622 84.1675 84.18684 84.21001 84.23138 84.24585 84.26496 84.30077 84.33926 84.36618 84.38628 84.40369 84.425 84.45615 84.48907 84.51495 84.53367 84.54461 84.55597 84.57627 84.59724 84.61131 84.62598 84.64958 84.67205 84.68373 84.69188 84.70371 84.71348 84.71497 84.71783 84.73117 84.74286 84.74 84.72884 84.71546 84.69957 84.68133 84.66412 84.65211 84.63622 84.60799 -9999 -9999 -9999 -9999 -9999 -9999
83.47089 83.50276 83.52792 83.55128 83.57948 83.61848 83.67031 83.73645 83.80062 83.84595 83.87315 83.88327 83.90166 83.95448 84.02033 84.07841 84.12015 84.13753 84.14442 84.15495 84.1692 84.18669 84.2118 84.24816 84.28676 84.31796 84.33992 84.35035 84.36533 84.40123 84.4414 84.4697 84.48653 84.49253 84.49709 84.50981 84.52808 84.54983 84.57463 84.60242 84.62776 84.64465 84.65446 84.65807 84.65623 84.64903 84.64864 84.66657 84.68681 84.69347 84.68693 84.66819 84.64414 84.62225 84.60574 84.59848 84.58426 84.54719 -9999 -9999 -9999 -9999 -9999 -9999
83.41431 83.44627 83.47191 83.50166 83.53657 83.57786 83.62497 83.67698 83.7263 83.7645 83.79494 83.81995 83.85062 83.89741 83.95222 84.00628 84.04958 84.07254 84.08308 84.09006 84.10023 84.12125 84.15202 84.19209 84.2353 84.27576 84.30583 84.31749 84.32783 84.35369 84.38686 84.41867 84.4427 84.45212 84.45621 84.46459 84.47601 84.48962 84.5099 84.54208 84.57298 84.59005 84.59471 84.58869 84.58009 84.57622 84.58286 84.60494 84.62595 84.62869 84.62363 84.62048 84.60864 84.57756 84.54729 84.53839 84.52975 -9999 -9999 -9999 -9999 -9999 -9999 -9999
83.3511 83.38721 83.41727 83.45187 83.49133 83.53593 83.5788 83.61303 83.64379 83.67619 83.71196 83.75284 83.7971 83.84311 83.88783 83.92815 83.96315 83.9919 84.01278 84.02411 84.03674 84.06156 84.09634 84.13876 84.18442 84.22894 84.26492 84.28492 84.29781 84.31252 84.3343 84.36842 84.39956 84.41243 84.41698 84.42336 84.43014 84.43587 84.45017 84.4827 84.51421 84.52538 84.52201 84.51008 84.50071 84.50506 84.52066 84.54503 84.56136 84.55289 84.54415 84.55972 84.56704 84.53343 84.49252 84.47807 84.47096 -9999 -9999 -9999 -9999 -9999 -9999 -9999
83.26491 83.30755 83.34909 83.38909 83.43127 83.47909 83.52356 83.55495 83.58128 83.60994 83.64284 83.68117 83.72908 83.78992 83.844 83.87127 83.889 83.91503 83.94275 83.96629 83.99027 84.02 84.05484 84.09452 84.13366 84.1666 84.19806 84.23203 84.26085 84.27622 84.29283 84.32494 84.35442 84.36255 84.36278 84.3688 84.37933 84.39378 84.41309 84.43875 84.45746 84.45622 84.4457 84.43623 84.43381 84.44371 84.46222 84.48495 84.49443 84.47249 84.45392 84.47339 84.49306 84.47594 84.4449 84.42381 84.4055 -9999 -9999 -9999 -9999 -9999 -9999 -9999
83.17978 83.2269 83.27711 83.31805 83.35962 83.41095 83.46026 83.49493 83.52316 83.55253 83.58275 83.61378 83.65852 83.73061 83.79399 83.81336 83.81995 83.84585 83.88046 83.91338 83.94539 83.97681 84.00976 84.04576 84.07727 84.09608 84.11987 84.16563 84.21131 84.23502 84.25267 84.28085 84.30402 84.30682 84.30463 84.31316 84.32964 84.35189 84.3743 84.39149 84.39671 84.38248 84.366 84.36369 84.37224 84.38746 84.40518 84.42066 84.42043 84.39136 84.36762 84.38441 84.40849 84.40737 84.39105 84.37046 84.34554 -9999 -9999 -9999 -9999 -9999 -9999 -9999
83.11897 83.16541 83.2105 83.24335 83.27963 83.33502 83.38998 83.42502 83.4538 83.49003 83.52718 83.55875 83.59783 83.65749 83.71114 83.73212 83.74848 83.78834 83.83271 83.86252 83.88625 83.91251 83.94286 83.97878 84.00958 84.02461 84.04505 84.09209 84.14394 84.17876 84.2043 84.22836 84.24525 84.24961 84.25337 84.26877 84.2869 84.29878 84.30908 84.32253 84.32539 84.30386 84.28318 84.28877 84.3088 84.33128 84.3472 84.34756 84.33511 84.3126 84.29962 84.31583 84.33485 84.33009 84.31744 84.31293 84.30264 -9999 -9999 -9999 -9999 -9999 -9999 -9999
83.06244 83.10876 83.14795 83.17096 83.19989 83.25709 83.31686 83.35273 83.38316 83.42587 83.47047 83.50586 83.54094 83.58398 83.62152 83.63943 83.66258 83.71629 83.77151 83.80015 83.81812 83.8423 83.87247 83.90909 83.94138 83.9589 83.98027 84.02357 84.07294 84.11179 84.1422 84.16556 84.18195 84.19108 84.20116 84.22096 84.2364 84.23403 84.23087 84.24487 84.25177 84.22807 84.20512 84.21471 84.24168 84.27004 84.28538 84.27248 84.25102 84.23996 84.24055 84.25336 84.26165 84.24902 84.23781 84.25127 84.25822 -9999 -9999 -9999 -9999 -9999 -9999 -9999
82.99025 83.04283 83.08833 83.10703 83.12901 83.18365 83.24498 83.28616 83.32127 83.36376 83.40711 83.44503 83.48209 83.52374 83.55141 83.54716 83.55083 83.60337 83.66913 83.71284 83.74657 83.78158 83.81731 83.85244 83.88343 83.90619 83.9322 83.9725 84.01276 84.0388 84.06104 84.09084 84.11768 84.1313 84.14066 84.15503 84.16382 84.15717 84.15352 84.17178 84.18443 84.16313 84.13968 84.14534 84.16912 84.1991 84.21673 84.20259 84.18121 84.17752 84.18122 84.18256 84.17908 84.16921 84.16653 84.18545 84.19389 -9999 -9999 -9999 -9999 -9999 -9999 -9999
82.91329 82.96867 83.01878 83.03732 83.05714 83.11083 83.17414 83.22189 83.2619 83.30128 83.34042 83.37899 83.42025 83.46677 83.49107 83.46529 83.44588 83.49023 83.56042 83.61941 83.67034 83.71749 83.75915 83.7943 83.82601 83.85711 83.88939 83.924 83.95221 83.96463 83.97884 84.01167 84.04552 84.06181 84.0695 84.07784 84.0827 84.0807 84.08337 84.10313 84.11725 84.10354 84.08504 84.08474 84.10007 84.12775 84.14675 84.13528 84.11724 84.11588 84.11713 84.10662 84.09294 84.08548 84.08875 84.10826 84.11414 -9999 -9999 -9999 -9999 -9999 -9999 -9999
82.84324 82.88673 82.92731 82.94754 82.97443 83.035 83.10414 83.15666 83.19878 83.23669 83.27322 83.31125 83.35378 83.40376 83.43063 83.40382 83.38037 83.4175 83.48137 83.53793 83.58905 83.63667 83.68047 83.72004 83.75937 83.80248 83.84033 83.86378 83.8797 83.89501 83.91285 83.93629 83.95876 83.97421 83.98556 83.99628 84.00673 84.01713 84.02757 84.03815 84.04486 84.04361 84.03934 84.03711 84.04359 84.06544 84.08105 84.06881 84.05009 84.04631 84.04379 84.02881 84.00916 83.99259 83.99004 84.01252 84.02431 -9999 -9999 -9999 -9999 -9999 -9999 -9999
82.77448 82.80418 82.83344 82.86002 82.89862 82.96428 83.03545 83.0899 83.13165 83.16399 83.19448 83.22989 83.27253 83.32364 83.35651 83.34353 83.33115 83.36622 83.42142 83.46981 83.51389 83.55698 83.59935 83.64201 83.68687 83.73624 83.77661 83.7937 83.80495 83.8271 83.85043 83.86433 83.87482 83.88764 83.90202 83.91785 83.93573 83.95702 83.97292 83.97541 83.97432 83.98021 83.98518 83.98162 83.98163 83.9966 84.00765 83.99497 83.97611 83.96777 83.96279 83.95319 83.9371 83.9129 83.89988 83.91814 83.9297 -9999 -9999 -9999 -9999 -9999 -9999 -9999
82.70219 82.728 82.75764 82.79751 82.84749 82.90748 82.96854 83.02168 83.06035 83.07798 83.093 83.12382 83.16631 83.21631 83.25538 83.26509 83.27567 83.3175 83.37093 83.41625 83.45688 83.49626 83.53481 83.57294 83.61191 83.65295 83.68985 83.71632 83.73754 83.75879 83.7788 83.7963 83.8106 83.82129 83.83286 83.85004 83.87025 83.89087 83.90693 83.91339 83.91349 83.91048 83.90509 83.89801 83.89613 83.90633 83.91446 83.90636 83.89165 83.88009 83.87601 83.8838 83.88691 83.8688 83.84849 83.84504 83.83656 -9999 -9999 -9999 -9999 -9999 -9999 -9999
82.62729 82.65703 82.69284 82.74336 82.79908 82.85023 82.89854 82.94501 82.97772 82.9838 82.9883 83.01523 83.05762 83.1073 83.15311 83.18338 83.21445 83.26344 83.31695 83.3622 83.40116 83.43658 83.46911 83.50003 83.53016 83.55991 83.59314 83.63263 83.66788 83.68743 83.70365 83.72807 83.7509 83.7616 83.77035 83.78754 83.80565 83.81787 83.82742 83.83849 83.84225 83.8307 83.81625 83.811 83.81345 83.82121 83.82678 83.82185 83.81047 83.79591 83.79225 83.81332 83.83363 83.82834 83.80556 83.77413 83.73885 -9999 -9999 -9999 -9999 -9999 -9999 -9999
82.55149 82.58994 82.6328 82.68115 82.73129 82.77867 82.82063 82.85365 82.87666 82.88759 82.89991 82.92751 82.96889 83.02335 83.07614 83.11333 83.14858 83.19626 83.24721 83.29243 83.33063 83.35991 83.38528 83.41076 83.43742 83.4653 83.49964 83.54462 83.58633 83.61127 83.63058 83.65629 83.68035 83.69502 83.70746 83.72504 83.73798 83.73716 83.73317 83.73698 83.74126 83.73746 83.73598 83.74619 83.76003 83.76873 83.77002 83.76129 83.74625 83.72882 83.72072 83.7344 83.75276 83.75945 83.74136 83.68638 83.63173 -9999 -9999 -9999 -9999 -9999 -9999 -9999
82.47102 82.51939 82.57039 82.61469 82.65685 82.70139 82.73862 82.7589 82.77409 82.796 82.82307 82.85376 82.89424 82.95063 83.00555 83.04158 83.07495 83.12189 83.17175 83.21379 83.24831 83.27566 83.29875 83.32048 83.34441 83.37419 83.41225 83.46096 83.50618 83.53378 83.55466 83.57973 83.60409 83.62315 83.64075 83.66097 83.67221 83.66279 83.64771 83.64214 83.64381 83.65038 83.66464 83.68938 83.71258 83.72213 83.71911 83.70466 83.68482 83.6657 83.65287 83.65192 83.65927 83.67121 83.66055 83.60006 83.54208 -9999 -9999 -9999 -9999 -9999 -9999 -9999
82.38242 82.43752 82.49866 82.54752 82.58857 82.62659 82.6563 82.67162 82.68703 82.71618 82.75221 82.78744 82.8271 82.87574 82.92223 82.95464 82.99013 83.04626 83.10086 83.13255 83.15742 83.19255 83.22536 83.24422 83.26183 83.29118 83.33388 83.39075 83.43991 83.4587 83.47038 83.49743 83.52747 83.54755 83.56651 83.59379 83.61308 83.6088 83.59499 83.58629 83.58373 83.58878 83.60254 83.62619 83.64776 83.65454 83.64883 83.63206 83.61155 83.59373 83.57993 83.5707 83.56767 83.57279 83.5673 83.53345 83.49742 -9999 -9999 -9999 -9999 -9999 -9999 -9999
82.29927 82.35396 82.41937 82.47209 82.51388 82.54556 82.56918 82.58586 82.60646 82.64097 82.68154 82.72065 82.75937 82.79961 82.83687 82.86744 82.90555 82.96629 83.02174 83.04421 83.06361 83.10908 83.1552 83.17558 83.1896 83.21587 83.25764 83.31741 83.36712 83.37911 83.38307 83.40974 83.44154 83.4613 83.48186 83.51659 83.54596 83.55131 83.54417 83.53651 83.53193 83.5334 83.5416 83.5565 83.56945 83.57089 83.5635 83.54913 83.53263 83.51914 83.50578 83.49053 83.47856 83.47586 83.47561 83.47192 -9999 -9999 -9999 -9999 -9999 -9999 -9999 -9999
82.23433 82.27876 82.33361 82.38113 82.42017 82.4491 82.47283 82.49531 82.52328 82.56242 82.60561 82.64489 82.68317 82.72243 82.76052 82.79501 82.83212 82.87878 82.92075 82.94467 82.97166 83.02415 83.07763 83.10829 83.12772 83.14743 83.17662 83.22364 83.26782 83.2874 83.2985 83.31617 83.33724 83.35754 83.38363 83.42251 83.45587 83.46635 83.46397 83.46005 83.45872 83.46496 83.47378 83.47993 83.48155 83.47578 83.46754 83.46075 83.45467 83.44747 83.43463 83.41132 83.39206 83.39215 83.39899 83.40087 -9999 -9999 -9999 -9999 -9999 -9999 -9999 -9999
82.17577 82.20753 82.24438 82.27753 82.30901 82.3408 82.37236 82.40325 82.43828 82.48222 82.52758 82.56688 82.60439 82.6444 82.6844 82.72189 82.75674 82.78879 82.8185 82.84631 82.88352 82.94154 83.00003 83.03848 83.06243 83.07752 83.09569 83.12879 83.16534 83.19378 83.21332 83.22318 83.23401 83.2569 83.28844 83.32564 83.35635 83.36832 83.37017 83.37067 83.37526 83.38933 83.40148 83.40036 83.39158 83.38071 83.37296 83.37349 83.37802 83.38223 83.37427 83.34229 83.31405 83.31744 83.32981 83.32839 -9999 -9999 -9999 -9999 -9999 -9999 -9999 -9999
82.11098 82.13629 82.15364 82.16381 82.18199 82.22365 82.27282 82.31239 82.35223 82.40116 82.45096 82.49242 82.52937 82.5649 82.59943 82.63255 82.66582 82.70128 82.73452 82.76213 82.80009 82.86538 82.92888 82.96214 82.97991 82.9974 83.01974 83.05118 83.08347 83.10743 83.1247 83.13616 83.15154 83.18003 83.2124 83.24002 83.26037 83.27175 83.27762 83.28254 83.29193 83.31213 83.3271 83.3212 83.30708 83.29664 83.29163 83.29287 83.30356 83.32616 83.33221 83.29259 83.24997 83.24752 83.25996 83.26257 -9999 -9999 -9999 -9999 -9999 -9999 -9999 -9999
82.03736 82.06348 82.07191 82.06538 82.07261 82.12231 82.18568 82.23386 82.27763 82.32783 82.37774 82.42065 82.45644 82.48502 82.51144 82.54067 82.57581 82.62 82.66195 82.69025 82.72536 82.7879 82.84751 82.87372 82.88875 82.91501 82.94723 82.98003 83.00838 83.02723 83.04192 83.05785 83.07899 83.10961 83.13848 83.15463 83.16451 83.17445 83.18464 83.19534 83.21069 83.23473 83.25075 83.24204 83.22424 83.21301 83.20766 83.20755 83.22116 83.25698 83.27555 83.23736 83.18954 83.17941 83.187 83.19224 -9999 -9999 -9999 -9999 -9999 -9999 -9999 -9999
