Output_Reconstr_0_rough_ker_9_win_41_n1.txt
ncols         195
nrows         219
xllcorner     208046.226056
yllcorner     1378441.389110
cellsize      1
NODATA_value  -9999
[rows 32 to 63 of 219, columns 72 to 143 of 195]
85.558 85.585 85.617 85.651 85.69 85.732 85.769 85.789 85.81 85.848 85.888 85.915 85.933 85.949 85.974 86.024 86.08 86.125 86.161 86.189 86.214 86.241 86.281 86.341 86.408 86.467 86.518 86.563 86.599 86.624 86.657 86.717 86.79 86.859 86.919 86.966 87.015 87.08 87.146 87.2 87.236 87.249 87.259 87.289 87.333 87.388 87.438 87.469 87.49 87.509 87.522 87.523 87.518 87.513 87.504 87.485 87.466 87.453 87.444 87.44 87.428 87.401 87.364 87.325 87.292 87.269 87.24 87.188 87.13 87.082 87.034 86.975
85.497 85.521 85.553 85.593 85.634 85.667 85.697 85.729 85.764 85.803 85.838 85.862 85.879 85.896 85.924 85.974 86.028 86.069 86.103 86.134 86.164 86.192 86.229 86.285 86.349 86.414 86.468 86.5 86.521 86.546 86.585 86.649 86.726 86.804 86.871 86.919 86.965 87.027 87.09 87.14 87.174 87.189 87.207 87.246 87.296 87.347 87.386 87.402 87.416 87.447 87.474 87.478 87.471 87.467 87.457 87.435 87.413 87.402 87.396 87.385 87.369 87.348 87.32 87.278 87.238 87.211 87.181 87.133 87.079 87.035 86.99 86.936
85.449 85.465 85.489 85.531 85.577 85.61 85.638 85.667 85.7 85.739 85.775 85.802 85.825 85.852 85.888 85.941 85.996 86.036 86.068 86.097 86.124 86.148 86.18 86.232 86.297 86.365 86.424 86.46 86.486 86.515 86.553 86.607 86.673 86.746 86.813 86.865 86.91 86.963 87.017 87.07 87.113 87.137 87.163 87.21 87.26 87.295 87.319 87.335 87.357 87.397 87.434 87.444 87.435 87.417 87.394 87.373 87.358 87.353 87.346 87.326 87.301 87.28 87.255 87.222 87.186 87.154 87.118 87.068 87.018 86.978 86.937 86.888
85.413 85.418 85.43 85.472 85.523 85.562 85.592 85.614 85.638 85.674 85.712 85.742 85.77 85.804 85.848 85.904 85.96 86.003 86.035 86.06 86.082 86.105 86.138 86.188 86.248 86.31 86.368 86.413 86.451 86.487 86.524 86.57 86.622 86.683 86.744 86.8 86.851 86.898 86.947 87.002 87.052 87.083 87.115 87.168 87.218 87.243 87.259 87.278 87.307 87.351 87.389 87.402 87.39 87.358 87.324 87.307 87.301 87.299 87.29 87.262 87.23 87.206 87.186 87.16 87.13 87.097 87.057 87.007 86.958 86.92 86.884 86.84
85.387 85.383 85.382 85.422 85.478 85.524 85.558 85.579 85.598 85.629 85.662 85.688 85.714 85.745 85.785 85.841 85.899 85.945 85.979 86.002 86.025 86.062 86.106 86.154 86.2 86.241 86.282 86.327 86.373 86.416 86.461 86.511 86.563 86.612 86.663 86.722 86.784 86.846 86.902 86.949 86.986 87.014 87.049 87.106 87.165 87.204 87.228 87.242 87.261 87.296 87.327 87.333 87.317 87.285 87.255 87.244 87.242 87.24 87.227 87.194 87.159 87.141 87.126 87.099 87.067 87.039 87.006 86.96 86.912 86.873 86.837 86.801
85.347 85.344 85.343 85.381 85.435 85.482 85.517 85.541 85.56 85.583 85.609 85.635 85.66 85.684 85.718 85.772 85.83 85.876 85.91 85.935 85.966 86.017 86.074 86.121 86.156 86.178 86.202 86.243 86.293 86.339 86.389 86.449 86.505 86.543 86.583 86.641 86.712 86.79 86.857 86.896 86.919 86.942 86.975 87.033 87.098 87.153 87.188 87.191 87.191 87.219 87.247 87.248 87.232 87.207 87.187 87.183 87.185 87.182 87.166 87.131 87.097 87.084 87.072 87.04 87.006 86.987 86.965 86.92 86.869 86.828 86.794 86.764
85.27 85.289 85.307 85.346 85.39 85.422 85.45 85.479 85.503 85.52 85.54 85.575 85.612 85.635 85.664 85.716 85.771 85.808 85.838 85.873 85.916 85.97 86.027 86.079 86.118 86.139 86.16 86.201 86.249 86.291 86.338 86.4 86.456 86.486 86.514 86.566 86.635 86.715 86.786 86.83 86.856 86.877 86.906 86.956 87.015 87.07 87.1 87.085 87.071 87.104 87.147 87.159 87.152 87.135 87.121 87.125 87.133 87.131 87.117 87.085 87.053 87.035 87.018 86.987 86.959 86.95 86.932 86.879 86.818 86.779 86.75 86.72
85.189 85.231 85.271 85.305 85.332 85.352 85.375 85.41 85.442 85.456 85.473 85.517 85.565 85.594 85.622 85.668 85.714 85.743 85.771 85.816 85.87 85.923 85.976 86.03 86.075 86.103 86.13 86.172 86.218 86.254 86.294 86.356 86.411 86.434 86.453 86.497 86.559 86.633 86.704 86.754 86.788 86.809 86.834 86.879 86.932 86.983 87.008 86.98 86.957 86.994 87.048 87.074 87.078 87.069 87.06 87.069 87.081 87.08 87.067 87.042 87.014 86.987 86.961 86.934 86.913 86.909 86.891 86.831 86.765 86.728 86.704 86.675
85.137 85.185 85.228 85.245 85.255 85.276 85.308 85.351 85.39 85.409 85.428 85.469 85.516 85.554 85.587 85.62 85.652 85.683 85.719 85.767 85.823 85.877 85.929 85.975 86.014 86.047 86.082 86.128 86.174 86.209 86.248 86.307 86.36 86.379 86.393 86.431 86.489 86.559 86.626 86.673 86.706 86.727 86.754 86.804 86.864 86.924 86.955 86.93 86.903 86.929 86.972 87 87.012 87.011 87.008 87.018 87.025 87.018 87.003 86.99 86.97 86.935 86.898 86.872 86.855 86.846 86.824 86.771 86.714 86.679 86.655 86.632
85.1 85.145 85.182 85.185 85.185 85.211 85.253 85.302 85.343 85.367 85.386 85.418 85.458 85.503 85.543 85.568 85.591 85.63 85.676 85.721 85.769 85.825 85.878 85.917 85.95 85.984 86.023 86.069 86.115 86.154 86.197 86.253 86.301 86.318 86.331 86.367 86.422 86.489 86.55 86.591 86.619 86.645 86.678 86.731 86.796 86.865 86.909 86.896 86.871 86.879 86.902 86.923 86.939 86.947 86.953 86.963 86.968 86.956 86.942 86.938 86.925 86.886 86.841 86.814 86.796 86.777 86.751 86.708 86.664 86.631 86.606 86.586
85.064 85.105 85.14 85.145 85.147 85.172 85.213 85.26 85.299 85.318 85.33 85.353 85.385 85.429 85.472 85.506 85.541 85.588 85.636 85.671 85.707 85.759 85.813 85.859 85.896 85.926 85.956 85.993 86.038 86.089 86.141 86.19 86.228 86.246 86.265 86.304 86.358 86.421 86.478 86.51 86.537 86.576 86.62 86.66 86.709 86.781 86.837 86.838 86.818 86.814 86.82 86.831 86.844 86.861 86.879 86.9 86.913 86.907 86.897 86.895 86.884 86.848 86.804 86.772 86.746 86.72 86.689 86.653 86.615 86.584 86.557 86.534
85.026 85.063 85.096 85.11 85.12 85.143 85.177 85.219 85.255 85.27 85.279 85.296 85.322 85.36 85.404 85.45 85.497 85.548 85.592 85.621 85.651 85.697 85.752 85.808 85.854 85.876 85.893 85.92 85.961 86.02 86.08 86.123 86.153 86.176 86.201 86.241 86.292 86.356 86.41 86.434 86.458 86.509 86.562 86.588 86.621 86.692 86.755 86.765 86.752 86.746 86.745 86.744 86.751 86.773 86.803 86.834 86.856 86.859 86.853 86.847 86.833 86.802 86.764 86.729 86.696 86.664 86.633 86.602 86.573 86.544 86.515 86.484
84.985 85.016 85.045 85.064 85.081 85.104 85.133 85.17 85.206 85.234 85.255 85.271 85.292 85.326 85.369 85.415 85.459 85.5 85.537 85.574 85.613 85.659 85.712 85.774 85.823 85.84 85.846 85.865 85.9 85.956 86.014 86.056 86.088 86.116 86.145 86.179 86.225 86.291 86.348 86.366 86.382 86.43 86.483 86.514 86.549 86.617 86.678 86.688 86.68 86.686 86.693 86.685 86.683 86.705 86.739 86.769 86.791 86.799 86.794 86.777 86.754 86.73 86.702 86.669 86.634 86.601 86.575 86.558 86.542 86.519 86.487 86.445
84.941 84.967 84.989 85.009 85.031 85.056 85.085 85.119 85.156 85.195 85.229 85.247 85.266 85.299 85.34 85.382 85.42 85.451 85.484 85.529 85.578 85.624 85.674 85.733 85.78 85.792 85.795 85.813 85.847 85.9 85.955 85.996 86.03 86.063 86.094 86.123 86.164 86.231 86.289 86.304 86.313 86.356 86.409 86.45 86.493 86.555 86.605 86.613 86.61 86.626 86.64 86.631 86.624 86.646 86.677 86.701 86.717 86.726 86.722 86.701 86.674 86.656 86.637 86.606 86.571 86.542 86.521 86.513 86.506 86.488 86.457 86.409
84.896 84.916 84.931 84.949 84.971 85 85.034 85.07 85.107 85.143 85.173 85.194 85.216 85.25 85.291 85.332 85.373 85.41 85.447 85.487 85.53 85.574 85.618 85.662 85.696 85.708 85.719 85.746 85.791 85.852 85.912 85.949 85.977 86.011 86.046 86.079 86.119 86.177 86.228 86.244 86.258 86.304 86.361 86.41 86.456 86.502 86.538 86.549 86.55 86.556 86.561 86.559 86.562 86.583 86.608 86.623 86.633 86.641 86.641 86.63 86.615 86.605 86.589 86.555 86.519 86.495 86.479 86.465 86.451 86.435 86.409 86.364
84.849 84.867 84.878 84.893 84.916 84.948 84.986 85.025 85.06 85.086 85.109 85.133 85.162 85.199 85.24 85.282 85.325 85.367 85.407 85.442 85.477 85.518 85.556 85.585 85.606 85.621 85.643 85.685 85.742 85.81 85.869 85.901 85.923 85.958 85.996 86.03 86.069 86.119 86.164 86.185 86.208 86.257 86.315 86.364 86.405 86.439 86.463 86.474 86.477 86.477 86.481 86.492 86.506 86.523 86.538 86.548 86.553 86.555 86.556 86.559 86.561 86.557 86.542 86.508 86.472 86.452 86.437 86.413 86.39 86.375 86.355 86.317
84.805 84.822 84.836 84.854 84.879 84.912 84.949 84.985 85.015 85.036 85.057 85.089 85.126 85.165 85.205 85.246 85.284 85.314 85.344 85.384 85.427 85.467 85.5 85.523 85.543 85.563 85.596 85.649 85.71 85.767 85.813 85.839 85.862 85.9 85.938 85.963 85.992 86.045 86.098 86.127 86.154 86.2 86.248 86.281 86.31 86.344 86.368 86.366 86.365 86.389 86.423 86.453 86.472 86.475 86.475 86.483 86.49 86.483 86.477 86.485 86.495 86.494 86.481 86.456 86.428 86.405 86.383 86.359 86.337 86.326 86.31 86.274
84.756 84.774 84.794 84.818 84.845 84.876 84.909 84.942 84.97 84.991 85.014 85.048 85.089 85.129 85.168 85.207 85.239 85.258 85.279 85.319 85.367 85.41 85.444 85.465 85.485 85.515 85.558 85.62 85.681 85.721 85.747 85.768 85.794 85.837 85.876 85.894 85.917 85.975 86.036 86.072 86.1 86.138 86.174 86.192 86.21 86.246 86.273 86.263 86.261 86.309 86.372 86.414 86.431 86.423 86.412 86.421 86.43 86.417 86.404 86.413 86.425 86.423 86.413 86.4 86.383 86.358 86.331 86.307 86.29 86.282 86.268 86.233
84.696 84.718 84.743 84.769 84.795 84.82 84.849 84.886 84.923 84.949 84.972 85 85.033 85.07 85.11 85.149 85.182 85.206 85.227 85.252 85.286 85.337 85.381 85.398 85.413 85.455 85.514 85.582 85.639 85.665 85.677 85.691 85.718 85.766 85.815 85.843 85.873 85.929 85.986 86.02 86.046 86.079 86.109 86.126 86.144 86.175 86.2 86.2 86.208 86.257 86.315 86.348 86.359 86.353 86.345 86.351 86.357 86.347 86.338 86.349 86.361 86.354 86.342 86.34 86.335 86.316 86.29 86.264 86.244 86.235 86.224 86.194
84.627 84.652 84.683 84.713 84.739 84.758 84.784 84.829 84.876 84.908 84.93 84.951 84.976 85.015 85.057 85.093 85.125 85.156 85.18 85.19 85.21 85.266 85.32 85.337 85.352 85.399 85.463 85.529 85.581 85.603 85.612 85.624 85.651 85.701 85.755 85.796 85.835 85.884 85.931 85.961 85.984 86.012 86.04 86.064 86.087 86.111 86.133 86.15 86.173 86.216 86.256 86.274 86.279 86.281 86.283 86.288 86.291 86.287 86.285 86.297 86.306 86.296 86.284 86.285 86.286 86.273 86.25 86.222 86.197 86.188 86.179 86.154
84.551 84.574 84.612 84.652 84.686 84.702 84.725 84.779 84.835 84.867 84.887 84.907 84.937 84.988 85.037 85.061 85.077 85.103 85.127 85.143 85.166 85.216 85.27 85.302 85.328 85.36 85.401 85.454 85.504 85.539 85.563 85.581 85.607 85.651 85.701 85.741 85.779 85.819 85.856 85.884 85.907 85.929 85.954 85.985 86.015 86.034 86.053 86.083 86.121 86.165 86.201 86.214 86.218 86.228 86.239 86.248 86.252 86.25 86.249 86.257 86.264 86.26 86.251 86.246 86.238 86.222 86.201 86.173 86.15 86.14 86.131 86.109
84.487 84.511 84.552 84.598 84.635 84.651 84.674 84.731 84.792 84.822 84.84 84.863 84.9 84.96 85.012 85.027 85.031 85.049 85.075 85.098 85.126 85.168 85.217 85.268 85.309 85.328 85.346 85.385 85.434 85.482 85.522 85.547 85.569 85.605 85.646 85.684 85.719 85.751 85.78 85.809 85.834 85.852 85.875 85.913 85.949 85.963 85.978 86.013 86.058 86.104 86.139 86.151 86.156 86.172 86.191 86.203 86.21 86.209 86.208 86.212 86.217 86.221 86.219 86.202 86.181 86.164 86.145 86.123 86.103 86.094 86.085 86.063
84.456 84.489 84.528 84.559 84.582 84.6 84.628 84.682 84.737 84.765 84.784 84.811 84.848 84.898 84.941 84.962 84.976 85 85.026 85.044 85.065 85.101 85.15 85.209 85.262 85.292 85.316 85.351 85.395 85.444 85.485 85.505 85.521 85.55 85.588 85.631 85.672 85.7 85.726 85.757 85.785 85.804 85.828 85.872 85.911 85.918 85.921 85.95 85.992 86.032 86.062 86.069 86.074 86.096 86.121 86.131 86.135 86.138 86.139 86.139 86.142 86.155 86.158 86.133 86.105 86.095 86.09 86.076 86.061 86.051 86.04 86.02
84.434 84.471 84.503 84.518 84.529 84.553 84.587 84.632 84.675 84.701 84.724 84.754 84.788 84.822 84.855 84.889 84.921 84.952 84.975 84.987 85.003 85.038 85.088 85.145 85.201 85.245 85.284 85.325 85.367 85.407 85.44 85.456 85.47 85.495 85.532 85.581 85.626 85.655 85.68 85.712 85.743 85.766 85.793 85.841 85.88 85.881 85.876 85.897 85.931 85.965 85.989 85.992 85.996 86.021 86.048 86.055 86.055 86.061 86.067 86.067 86.069 86.083 86.087 86.06 86.031 86.029 86.035 86.031 86.022 86.012 85.998 85.977
84.394 84.421 84.441 84.456 84.477 84.51 84.548 84.58 84.609 84.635 84.663 84.695 84.727 84.753 84.783 84.83 84.874 84.899 84.916 84.935 84.962 85.002 85.049 85.094 85.138 85.18 85.226 85.279 85.326 85.356 85.377 85.398 85.422 85.451 85.487 85.531 85.574 85.604 85.63 85.66 85.691 85.718 85.751 85.796 85.832 85.836 85.835 85.853 85.882 85.916 85.942 85.945 85.947 85.97 85.993 85.998 85.999 86.008 86.018 86.024 86.027 86.028 86.023 86.003 85.984 85.977 85.978 85.983 85.985 85.975 85.957 85.934
84.347 84.362 84.374 84.397 84.43 84.47 84.506 84.527 84.545 84.571 84.602 84.637 84.67 84.695 84.726 84.777 84.824 84.843 84.856 84.886 84.927 84.973 85.016 85.049 85.079 85.116 85.162 85.222 85.274 85.295 85.309 85.338 85.374 85.408 85.44 85.474 85.509 85.543 85.577 85.608 85.64 85.674 85.709 85.745 85.771 85.781 85.789 85.809 85.838 85.872 85.899 85.904 85.907 85.927 85.947 85.952 85.953 85.962 85.975 85.987 85.99 85.979 85.964 85.956 85.948 85.934 85.926 85.936 85.945 85.936 85.916 85.892
84.303 84.317 84.333 84.361 84.395 84.43 84.458 84.472 84.485 84.51 84.545 84.584 84.621 84.651 84.683 84.724 84.761 84.781 84.801 84.837 84.883 84.929 84.97 85.001 85.031 85.067 85.112 85.165 85.211 85.232 85.249 85.282 85.321 85.355 85.383 85.401 85.425 85.469 85.519 85.563 85.603 85.645 85.678 85.695 85.703 85.713 85.729 85.756 85.788 85.818 85.839 85.848 85.857 85.88 85.901 85.905 85.904 85.913 85.924 85.933 85.934 85.921 85.909 85.91 85.91 85.894 85.881 85.889 85.899 85.889 85.871 85.854
84.26 84.278 84.301 84.331 84.361 84.39 84.41 84.418 84.428 84.455 84.493 84.534 84.575 84.609 84.64 84.669 84.696 84.722 84.752 84.797 84.846 84.888 84.925 84.955 84.986 85.024 85.066 85.108 85.147 85.175 85.201 85.233 85.267 85.298 85.322 85.332 85.351 85.403 85.466 85.521 85.57 85.612 85.639 85.639 85.633 85.643 85.666 85.699 85.733 85.758 85.776 85.788 85.8 85.823 85.844 85.852 85.856 85.864 85.872 85.875 85.873 85.866 85.861 85.868 85.872 85.858 85.844 85.847 85.851 85.842 85.827 85.816
84.216 84.234 84.259 84.286 84.316 84.349 84.371 84.371 84.374 84.405 84.448 84.487 84.523 84.555 84.584 84.613 84.641 84.67 84.71 84.771 84.832 84.87 84.895 84.915 84.938 84.973 85.013 85.054 85.094 85.132 85.167 85.194 85.218 85.244 85.268 85.288 85.316 85.367 85.427 85.483 85.529 85.559 85.572 85.57 85.569 85.585 85.611 85.64 85.67 85.701 85.726 85.738 85.744 85.754 85.769 85.79 85.811 85.825 85.831 85.829 85.824 85.821 85.823 85.832 85.838 85.828 85.814 85.81 85.808 85.8 85.789 85.774
84.172 84.189 84.213 84.238 84.268 84.306 84.333 84.332 84.332 84.366 84.412 84.451 84.483 84.509 84.534 84.565 84.598 84.628 84.672 84.743 84.812 84.847 84.864 84.875 84.892 84.925 84.966 85.008 85.051 85.095 85.132 85.154 85.171 85.191 85.217 85.251 85.292 85.339 85.388 85.438 85.478 85.497 85.502 85.504 85.511 85.532 85.558 85.581 85.608 85.645 85.678 85.69 85.691 85.69 85.7 85.734 85.771 85.789 85.794 85.789 85.784 85.787 85.794 85.8 85.801 85.795 85.785 85.776 85.769 85.764 85.755 85.737
84.13 84.147 84.172 84.196 84.224 84.259 84.288 84.3 84.312 84.344 84.387 84.432 84.471 84.49 84.507 84.537 84.572 84.599 84.635 84.696 84.757 84.794 84.815 84.831 84.853 84.89 84.935 84.977 85.016 85.052 85.082 85.103 85.121 85.141 85.169 85.208 85.252 85.295 85.336 85.377 85.412 85.438 85.453 85.458 85.462 85.476 85.498 85.524 85.555 85.59 85.621 85.637 85.646 85.652 85.667 85.701 85.736 85.751 85.755 85.753 85.753 85.763 85.771 85.766 85.757 85.751 85.747 85.74 85.734 85.731 85.726 85.713
84.086 84.105 84.131 84.154 84.18 84.211 84.244 84.269 84.293 84.321 84.357 84.408 84.454 84.472 84.485 84.513 84.546 84.573 84.604 84.65 84.697 84.73 84.756 84.782 84.814 84.858 84.905 84.944 84.975 85 85.022 85.044 85.068 85.097 85.129 85.166 85.204 85.242 85.28 85.317 85.352 85.384 85.408 85.416 85.42 85.43 85.447 85.473 85.503 85.534 85.561 85.58 85.595 85.614 85.639 85.67 85.698 85.709 85.712 85.715 85.722 85.736 85.744 85.732 85.715 85.709 85.708 85.706 85.703 85.701 85.697 85.69
