Output_Reconstr_0_rough_ker_9_win_41_n1.txt
ncols         195
nrows         219
xllcorner     208046.226056
yllcorner     1378441.389110
cellsize      1
NODATA_value  -9999
[rows 96 to 127 of 219, columns 72 to 143 of 195]
83.096 83.111 83.098 83.144 83.122 83.189 83.18 83.191 83.225 83.254 83.274 83.283 83.296 83.33 83.367 83.39 83.412 83.446 83.483 83.511 83.535 83.559 83.585 83.616 83.647 83.674 83.7 83.731 83.762 83.786 83.816 83.865 83.922 83.98 84.031 84.07 84.1 84.126 84.149 84.17 84.2 84.248 84.3 84.337 84.376 84.432 84.483 84.51 84.527 84.549 84.571 84.59 84.61 84.636 84.666 84.699 84.727 84.746 84.765 84.792 84.819 84.832 84.841 84.851 84.866 84.886 84.909 84.931 84.954 84.979 85.002 85.016
83.059 83.091 83.085 83.083 83.105 83.136 83.166 83.166 83.202 83.237 83.263 83.268 83.277 83.313 83.352 83.373 83.389 83.418 83.449 83.475 83.498 83.524 83.553 83.588 83.619 83.638 83.658 83.694 83.732 83.756 83.782 83.827 83.883 83.942 83.997 84.036 84.066 84.094 84.121 84.147 84.181 84.233 84.29 84.337 84.381 84.427 84.47 84.501 84.523 84.534 84.547 84.57 84.6 84.634 84.666 84.691 84.713 84.734 84.758 84.787 84.811 84.823 84.829 84.839 84.852 84.867 84.89 84.924 84.959 84.982 84.999 85.011
83.036 83.07 83.063 83.059 83.053 83.082 83.12 83.142 83.182 83.221 83.248 83.246 83.246 83.276 83.317 83.346 83.37 83.395 83.423 83.457 83.491 83.516 83.539 83.565 83.589 83.608 83.634 83.676 83.72 83.747 83.775 83.818 83.87 83.925 83.972 84.002 84.028 84.061 84.099 84.139 84.181 84.225 84.269 84.313 84.354 84.39 84.425 84.46 84.491 84.514 84.533 84.555 84.579 84.606 84.633 84.656 84.682 84.715 84.75 84.78 84.803 84.818 84.83 84.844 84.856 84.859 84.871 84.911 84.955 84.978 84.992 85.007
83.037 83.041 83.025 83.038 83.057 83.079 83.09 83.137 83.161 83.2 83.227 83.221 83.215 83.241 83.281 83.319 83.351 83.374 83.401 83.444 83.487 83.513 83.529 83.545 83.564 83.586 83.618 83.665 83.711 83.743 83.773 83.816 83.865 83.914 83.956 83.979 84 84.035 84.08 84.133 84.183 84.221 84.252 84.286 84.319 84.347 84.377 84.415 84.455 84.492 84.523 84.542 84.557 84.573 84.594 84.622 84.656 84.697 84.735 84.764 84.786 84.807 84.826 84.847 84.859 84.854 84.859 84.899 84.945 84.965 84.977 84.996
82.983 82.979 83.01 83.01 83.041 83.063 83.059 83.118 83.161 83.168 83.196 83.198 83.198 83.226 83.265 83.299 83.327 83.35 83.377 83.42 83.463 83.49 83.51 83.528 83.549 83.573 83.605 83.647 83.69 83.724 83.756 83.797 83.845 83.9 83.947 83.974 83.994 84.024 84.064 84.119 84.174 84.217 84.251 84.276 84.299 84.324 84.354 84.394 84.436 84.476 84.508 84.53 84.544 84.556 84.577 84.615 84.657 84.686 84.709 84.73 84.752 84.777 84.802 84.825 84.842 84.848 84.86 84.896 84.932 84.943 84.949 84.973
82.957 82.977 82.992 82.996 83.031 83.04 83.066 83.065 83.115 83.139 83.167 83.175 83.184 83.215 83.252 83.279 83.303 83.327 83.355 83.392 83.428 83.454 83.478 83.505 83.534 83.56 83.589 83.627 83.667 83.704 83.74 83.778 83.823 83.881 83.936 83.971 83.995 84.019 84.051 84.1 84.156 84.207 84.247 84.269 84.286 84.31 84.342 84.383 84.424 84.459 84.488 84.512 84.531 84.546 84.57 84.617 84.66 84.676 84.683 84.699 84.722 84.749 84.776 84.801 84.823 84.842 84.863 84.894 84.919 84.923 84.928 84.954
82.954 82.932 82.962 82.967 82.986 83.024 83.036 83.075 83.131 83.131 83.151 83.154 83.161 83.189 83.224 83.254 83.28 83.306 83.334 83.366 83.394 83.411 83.431 83.468 83.508 83.537 83.566 83.605 83.651 83.698 83.741 83.775 83.812 83.861 83.913 83.955 83.988 84.012 84.039 84.082 84.134 84.182 84.223 84.25 84.271 84.295 84.326 84.367 84.409 84.437 84.46 84.483 84.508 84.532 84.563 84.606 84.644 84.658 84.668 84.692 84.72 84.745 84.769 84.795 84.82 84.84 84.86 84.886 84.909 84.921 84.933 84.957
82.923 82.95 82.931 82.972 82.985 82.965 83.039 83.047 83.088 83.092 83.136 83.139 83.146 83.17 83.203 83.235 83.266 83.292 83.318 83.346 83.368 83.376 83.391 83.436 83.485 83.516 83.545 83.588 83.639 83.692 83.738 83.771 83.801 83.842 83.889 83.936 83.979 84.011 84.041 84.078 84.118 84.156 84.192 84.226 84.255 84.278 84.306 84.347 84.388 84.411 84.429 84.453 84.483 84.519 84.558 84.594 84.623 84.641 84.659 84.689 84.722 84.747 84.769 84.793 84.816 84.835 84.853 84.877 84.902 84.926 84.948 84.968
82.89 82.9 82.93 82.929 82.941 82.958 82.996 82.995 83.077 83.069 83.113 83.133 83.157 83.181 83.207 83.237 83.266 83.287 83.307 83.332 83.353 83.361 83.379 83.428 83.482 83.512 83.538 83.58 83.629 83.673 83.713 83.748 83.784 83.827 83.875 83.923 83.972 84.025 84.071 84.1 84.121 84.142 84.169 84.204 84.237 84.259 84.283 84.322 84.362 84.384 84.402 84.429 84.465 84.509 84.553 84.59 84.617 84.632 84.647 84.672 84.704 84.737 84.766 84.783 84.797 84.82 84.846 84.871 84.898 84.93 84.957 84.972
82.874 82.885 82.903 82.923 82.952 82.962 83.006 83.006 83.062 83.07 83.094 83.124 83.166 83.188 83.205 83.231 83.259 83.282 83.302 83.323 83.342 83.352 83.372 83.421 83.475 83.507 83.536 83.58 83.624 83.653 83.68 83.718 83.764 83.814 83.864 83.91 83.963 84.031 84.091 84.117 84.126 84.137 84.156 84.187 84.219 84.241 84.266 84.304 84.341 84.364 84.384 84.414 84.453 84.499 84.545 84.584 84.613 84.627 84.636 84.652 84.679 84.72 84.757 84.767 84.775 84.803 84.836 84.862 84.887 84.92 84.95 84.964
82.87 82.852 82.914 82.904 82.923 82.949 82.987 82.973 82.991 83.017 83.079 83.097 83.142 83.156 83.163 83.188 83.223 83.264 83.299 83.316 83.324 83.331 83.35 83.392 83.443 83.486 83.53 83.584 83.628 83.644 83.657 83.695 83.746 83.797 83.848 83.894 83.943 84.005 84.061 84.096 84.118 84.137 84.157 84.179 84.204 84.231 84.263 84.302 84.339 84.362 84.384 84.412 84.446 84.486 84.529 84.57 84.602 84.62 84.63 84.641 84.661 84.699 84.735 84.751 84.765 84.793 84.824 84.843 84.861 84.887 84.915 84.939
82.848 82.838 82.851 82.886 82.887 82.905 82.934 82.978 82.984 83.002 83.041 83.063 83.105 83.115 83.118 83.141 83.181 83.238 83.286 83.3 83.3 83.307 83.327 83.363 83.412 83.466 83.524 83.585 83.628 83.635 83.64 83.678 83.731 83.783 83.832 83.876 83.92 83.968 84.017 84.062 84.102 84.133 84.156 84.172 84.191 84.222 84.261 84.302 84.339 84.364 84.385 84.413 84.444 84.475 84.51 84.551 84.588 84.61 84.623 84.634 84.652 84.682 84.716 84.741 84.765 84.794 84.82 84.832 84.841 84.858 84.883 84.915
82.803 82.807 82.829 82.833 82.872 82.882 82.886 82.92 82.954 82.971 83.001 83.031 83.075 83.094 83.105 83.125 83.158 83.207 83.25 83.263 83.268 83.287 83.318 83.356 83.403 83.461 83.522 83.575 83.611 83.618 83.626 83.667 83.722 83.774 83.821 83.86 83.898 83.944 83.992 84.039 84.081 84.115 84.141 84.16 84.179 84.206 84.242 84.286 84.327 84.352 84.375 84.412 84.448 84.47 84.493 84.534 84.573 84.594 84.607 84.626 84.65 84.68 84.712 84.742 84.773 84.809 84.838 84.847 84.851 84.863 84.884 84.913
82.802 82.807 82.79 82.813 82.812 82.857 82.867 82.883 82.927 82.946 82.981 83.013 83.047 83.078 83.1 83.12 83.143 83.174 83.203 83.217 83.233 83.268 83.311 83.354 83.402 83.458 83.512 83.55 83.577 83.594 83.619 83.667 83.723 83.772 83.813 83.845 83.879 83.924 83.973 84.021 84.063 84.096 84.123 84.146 84.167 84.191 84.222 84.267 84.31 84.336 84.361 84.403 84.443 84.461 84.48 84.52 84.56 84.579 84.593 84.617 84.647 84.68 84.713 84.742 84.774 84.815 84.847 84.858 84.861 84.871 84.889 84.914
82.762 82.759 82.805 82.799 82.827 82.826 82.851 82.868 82.897 82.911 82.957 82.997 83.045 83.052 83.08 83.104 83.123 83.14 83.156 83.175 83.202 83.244 83.292 83.341 83.391 83.441 83.483 83.506 83.529 83.57 83.624 83.684 83.739 83.775 83.803 83.831 83.863 83.902 83.949 84.004 84.054 84.089 84.113 84.132 84.154 84.182 84.218 84.258 84.297 84.325 84.351 84.384 84.416 84.44 84.468 84.51 84.551 84.574 84.589 84.606 84.631 84.668 84.705 84.731 84.756 84.79 84.82 84.834 84.841 84.851 84.869 84.9
82.732 82.74 82.757 82.772 82.786 82.812 82.824 82.82 82.875 82.875 82.957 82.992 83.008 83.029 83.056 83.082 83.101 83.106 83.114 83.141 83.181 83.226 83.275 83.325 83.374 83.42 83.454 83.47 83.494 83.553 83.627 83.693 83.744 83.769 83.787 83.816 83.852 83.89 83.935 83.992 84.045 84.079 84.1 84.117 84.139 84.176 84.218 84.254 84.286 84.315 84.342 84.365 84.391 84.425 84.464 84.504 84.541 84.57 84.59 84.601 84.618 84.656 84.695 84.717 84.734 84.758 84.783 84.804 84.82 84.831 84.848 84.884
82.722 82.73 82.736 82.736 82.754 82.769 82.79 82.801 82.858 82.879 82.928 82.939 83.002 83.012 83.037 83.06 83.076 83.074 83.079 83.119 83.174 83.226 83.274 83.315 83.356 83.402 83.444 83.469 83.498 83.552 83.615 83.669 83.71 83.735 83.76 83.799 83.847 83.899 83.948 83.99 84.024 84.051 84.074 84.095 84.123 84.168 84.215 84.25 84.278 84.302 84.327 84.357 84.393 84.436 84.476 84.502 84.527 84.56 84.591 84.607 84.625 84.656 84.689 84.708 84.724 84.744 84.769 84.799 84.826 84.839 84.852 84.88
82.713 82.712 82.717 82.725 82.721 82.731 82.772 82.802 82.825 82.865 82.877 82.915 82.932 82.966 83.01 83.026 83.039 83.041 83.056 83.106 83.17 83.227 83.272 83.301 83.331 83.379 83.43 83.468 83.504 83.55 83.594 83.628 83.658 83.691 83.731 83.781 83.839 83.905 83.959 83.981 83.992 84.013 84.04 84.07 84.108 84.158 84.207 84.242 84.267 84.286 84.31 84.349 84.396 84.444 84.482 84.5 84.516 84.551 84.59 84.616 84.638 84.663 84.686 84.704 84.72 84.739 84.765 84.802 84.836 84.852 84.862 84.879
82.686 82.681 82.687 82.695 82.704 82.723 82.742 82.76 82.794 82.797 82.854 82.855 82.878 82.94 82.96 82.968 82.98 83.006 83.046 83.1 83.158 83.212 83.254 83.274 83.294 83.337 83.389 83.432 83.475 83.526 83.569 83.589 83.61 83.655 83.711 83.765 83.822 83.887 83.938 83.949 83.95 83.97 84.004 84.046 84.095 84.148 84.195 84.227 84.249 84.267 84.291 84.327 84.371 84.418 84.461 84.491 84.518 84.55 84.584 84.616 84.645 84.67 84.689 84.702 84.716 84.735 84.762 84.797 84.829 84.847 84.859 84.87
82.655 82.65 82.651 82.641 82.648 82.676 82.717 82.746 82.787 82.789 82.828 82.845 82.875 82.884 82.892 82.913 82.926 82.975 83.036 83.087 83.133 83.181 83.219 83.24 83.26 83.299 83.346 83.391 83.44 83.498 83.545 83.562 83.58 83.634 83.699 83.754 83.807 83.865 83.908 83.917 83.918 83.939 83.977 84.028 84.083 84.136 84.18 84.208 84.229 84.25 84.274 84.305 84.342 84.385 84.431 84.474 84.512 84.542 84.571 84.607 84.642 84.668 84.688 84.701 84.716 84.739 84.767 84.794 84.819 84.839 84.855 84.866
82.631 82.63 82.63 82.617 82.643 82.678 82.669 82.702 82.754 82.761 82.774 82.815 82.841 82.849 82.891 82.868 82.906 82.956 83.014 83.056 83.091 83.13 83.169 83.206 83.243 83.282 83.325 83.373 83.426 83.482 83.53 83.557 83.586 83.635 83.694 83.752 83.807 83.857 83.894 83.907 83.916 83.936 83.97 84.02 84.074 84.121 84.161 84.191 84.216 84.236 84.259 84.292 84.33 84.37 84.41 84.447 84.481 84.514 84.547 84.585 84.621 84.649 84.673 84.697 84.725 84.756 84.785 84.805 84.821 84.84 84.86 84.88
82.607 82.612 82.614 82.614 82.666 82.643 82.673 82.679 82.71 82.733 82.761 82.805 82.802 82.819 82.834 82.875 82.861 82.941 82.987 83.022 83.053 83.083 83.121 83.173 83.227 83.27 83.312 83.362 83.414 83.464 83.51 83.551 83.592 83.635 83.685 83.744 83.801 83.842 83.872 83.895 83.916 83.938 83.969 84.017 84.067 84.104 84.135 84.167 84.196 84.217 84.242 84.279 84.32 84.357 84.389 84.416 84.445 84.482 84.522 84.561 84.596 84.624 84.654 84.691 84.731 84.768 84.797 84.812 84.823 84.841 84.865 84.893
82.577 82.59 82.6 82.605 82.616 82.635 82.655 82.69 82.696 82.726 82.733 82.749 82.786 82.803 82.864 82.843 82.854 82.923 82.964 83.002 83.036 83.062 83.093 83.14 83.194 83.243 83.29 83.339 83.386 83.429 83.472 83.518 83.566 83.612 83.66 83.715 83.764 83.795 83.821 83.854 83.888 83.92 83.958 84.014 84.064 84.086 84.101 84.129 84.159 84.184 84.213 84.257 84.301 84.332 84.358 84.388 84.424 84.465 84.506 84.544 84.578 84.609 84.642 84.682 84.723 84.756 84.781 84.796 84.812 84.836 84.862 84.886
82.549 82.566 82.583 82.596 82.61 82.605 82.644 82.651 82.659 82.695 82.715 82.714 82.747 82.774 82.793 82.826 82.846 82.9 82.938 82.983 83.023 83.05 83.076 83.113 83.159 83.21 83.261 83.304 83.344 83.385 83.428 83.477 83.527 83.579 83.629 83.676 83.715 83.74 83.765 83.804 83.85 83.893 83.94 83.997 84.043 84.058 84.066 84.092 84.126 84.156 84.191 84.243 84.29 84.313 84.332 84.367 84.409 84.453 84.495 84.532 84.566 84.598 84.632 84.67 84.705 84.731 84.752 84.771 84.793 84.823 84.852 84.869
82.53 82.542 82.558 82.569 82.581 82.599 82.629 82.628 82.638 82.664 82.702 82.693 82.713 82.77 82.758 82.79 82.815 82.876 82.938 82.95 82.995 83.029 83.06 83.095 83.136 83.182 83.225 83.258 83.292 83.34 83.394 83.446 83.497 83.551 83.6 83.64 83.672 83.699 83.728 83.767 83.815 83.867 83.917 83.955 83.985 84.01 84.038 84.075 84.116 84.154 84.197 84.255 84.304 84.321 84.33 84.355 84.392 84.438 84.485 84.524 84.557 84.589 84.62 84.651 84.68 84.704 84.725 84.747 84.773 84.803 84.833 84.854
82.513 82.521 82.532 82.54 82.551 82.571 82.593 82.579 82.619 82.636 82.653 82.683 82.713 82.714 82.769 82.767 82.824 82.827 82.907 82.916 82.962 83.002 83.04 83.078 83.116 83.154 83.19 83.22 83.255 83.309 83.368 83.419 83.468 83.518 83.564 83.6 83.631 83.663 83.699 83.737 83.783 83.84 83.888 83.908 83.925 83.962 84.011 84.062 84.11 84.153 84.199 84.258 84.306 84.322 84.326 84.341 84.371 84.419 84.471 84.511 84.544 84.573 84.601 84.631 84.659 84.683 84.706 84.73 84.756 84.785 84.814 84.84
82.49 82.501 82.514 82.525 82.54 82.562 82.585 82.615 82.615 82.631 82.632 82.649 82.677 82.695 82.732 82.764 82.76 82.803 82.848 82.89 82.937 82.975 83.012 83.05 83.089 83.126 83.166 83.211 83.259 83.305 83.349 83.39 83.431 83.472 83.513 83.55 83.586 83.625 83.665 83.706 83.752 83.807 83.855 83.878 83.898 83.933 83.98 84.035 84.088 84.127 84.166 84.216 84.261 84.281 84.294 84.315 84.347 84.392 84.442 84.486 84.522 84.545 84.57 84.611 84.652 84.679 84.699 84.724 84.75 84.776 84.802 84.828
82.465 82.48 82.497 82.514 82.533 82.554 82.574 82.588 82.575 82.595 82.622 82.617 82.65 82.673 82.676 82.718 82.758 82.775 82.809 82.842 82.872 82.945 82.974 83.01 83.05 83.091 83.14 83.202 83.26 83.297 83.326 83.359 83.394 83.425 83.459 83.5 83.546 83.592 83.637 83.679 83.722 83.769 83.813 83.85 83.882 83.912 83.95 84.003 84.056 84.092 84.124 84.164 84.202 84.23 84.255 84.286 84.324 84.368 84.415 84.46 84.497 84.518 84.544 84.594 84.645 84.672 84.691 84.717 84.744 84.767 84.79 84.812
82.442 82.455 82.472 82.495 82.518 82.531 82.541 82.551 82.56 82.563 82.621 82.635 82.638 82.645 82.69 82.728 82.748 82.731 82.795 82.804 82.861 82.902 82.924 82.952 82.991 83.042 83.101 83.161 83.215 83.254 83.288 83.327 83.364 83.388 83.415 83.461 83.517 83.573 83.624 83.661 83.693 83.725 83.762 83.808 83.855 83.89 83.926 83.972 84.021 84.061 84.097 84.134 84.168 84.197 84.228 84.264 84.306 84.355 84.404 84.445 84.479 84.507 84.538 84.579 84.619 84.645 84.669 84.698 84.727 84.749 84.767 84.785
82.418 82.428 82.444 82.471 82.493 82.496 82.495 82.504 82.518 82.53 82.551 82.583 82.592 82.617 82.645 82.658 82.69 82.722 82.756 82.82 82.823 82.851 82.886 82.908 82.946 83.005 83.067 83.116 83.158 83.202 83.247 83.292 83.33 83.352 83.378 83.428 83.49 83.551 83.603 83.64 83.664 83.683 83.711 83.764 83.822 83.865 83.901 83.938 83.98 84.027 84.073 84.11 84.142 84.172 84.205 84.245 84.292 84.344 84.391 84.425 84.455 84.492 84.528 84.557 84.583 84.611 84.641 84.675 84.706 84.726 84.741 84.757
82.389 82.402 82.418 82.44 82.456 82.452 82.448 82.461 82.482 82.503 82.529 82.521 82.566 82.592 82.627 82.658 82.664 82.703 82.74 82.78 82.812 82.843 82.874 82.91 82.948 83.002 83.056 83.091 83.124 83.169 83.215 83.25 83.28 83.31 83.347 83.4 83.456 83.508 83.556 83.602 83.637 83.651 83.672 83.726 83.789 83.835 83.869 83.896 83.93 83.982 84.037 84.077 84.109 84.139 84.175 84.227 84.282 84.325 84.358 84.384 84.411 84.45 84.49 84.52 84.548 84.582 84.619 84.657 84.688 84.705 84.718 84.739
82.362 82.377 82.394 82.409 82.417 82.412 82.411 82.428 82.454 82.479 82.507 82.53 82.56 82.593 82.601 82.625 82.645 82.683 82.725 82.762 82.783 82.821 82.877 82.887 82.958 83.006 83.049 83.075 83.101 83.142 83.183 83.208 83.233 83.274 83.324 83.372 83.416 83.455 83.497 83.551 83.599 83.617 83.638 83.693 83.756 83.803 83.835 83.858 83.887 83.939 83.997 84.042 84.078 84.11 84.148 84.207 84.263 84.296 84.317 84.338 84.367 84.407 84.45 84.485 84.518 84.554 84.591 84.632 84.666 84.681 84.694 84.721
