Output_Reconstr_0_rough_ker_9_win_41_n1.txt
ncols         195
nrows         219
xllcorner     208046.226056
yllcorner     1378441.389110
cellsize      1
NODATA_value  -9999
[rows 160 to 191 of 219, columns 72 to 143 of 195]
81.563 81.565 81.566 81.558 81.548 81.546 81.548 81.55 81.548 81.538 81.531 81.537 81.552 81.571 81.585 81.586 81.587 81.602 81.618 81.623 81.63 81.654 81.677 81.685 81.687 81.696 81.707 81.719 81.732 81.749 81.765 81.778 81.789 81.803 81.825 81.86 81.891 81.897 81.902 81.925 81.958 81.991 82.029 82.077 82.12 82.141 82.16 82.194 82.236 82.282 82.329 82.373 82.413 82.448 82.482 82.516 82.551 82.59 82.633 82.681 82.731 82.779 82.821 82.854 82.877 82.888 82.9 82.928 82.969 83.023 83.076 83.113
81.551 81.548 81.542 81.53 81.519 81.517 81.518 81.518 81.513 81.5 81.493 81.508 81.531 81.549 81.561 81.565 81.568 81.576 81.585 81.589 81.597 81.616 81.635 81.641 81.648 81.666 81.684 81.69 81.693 81.702 81.714 81.726 81.738 81.751 81.771 81.805 81.839 81.858 81.871 81.885 81.901 81.923 81.953 81.994 82.037 82.072 82.098 82.119 82.15 82.207 82.269 82.315 82.35 82.379 82.405 82.435 82.471 82.519 82.57 82.615 82.657 82.701 82.739 82.759 82.774 82.796 82.823 82.854 82.894 82.951 83.006 83.042
81.532 81.522 81.512 81.507 81.503 81.496 81.49 81.49 81.491 81.485 81.483 81.49 81.502 81.513 81.523 81.532 81.539 81.544 81.548 81.554 81.566 81.589 81.608 81.607 81.605 81.621 81.64 81.647 81.649 81.65 81.657 81.677 81.699 81.707 81.72 81.755 81.791 81.811 81.822 81.83 81.842 81.865 81.894 81.925 81.96 82 82.036 82.057 82.085 82.139 82.195 82.233 82.262 82.298 82.33 82.353 82.382 82.438 82.499 82.548 82.589 82.627 82.656 82.672 82.687 82.716 82.752 82.787 82.827 82.876 82.922 82.955
81.507 81.493 81.483 81.485 81.486 81.476 81.465 81.467 81.473 81.477 81.477 81.475 81.474 81.474 81.479 81.492 81.504 81.508 81.511 81.518 81.534 81.561 81.581 81.574 81.564 81.573 81.59 81.601 81.605 81.601 81.604 81.632 81.661 81.666 81.673 81.706 81.743 81.759 81.766 81.777 81.793 81.819 81.846 81.866 81.891 81.933 81.976 82.006 82.036 82.078 82.12 82.147 82.175 82.22 82.261 82.278 82.299 82.354 82.419 82.472 82.514 82.546 82.569 82.586 82.606 82.641 82.682 82.721 82.759 82.8 82.837 82.867
81.481 81.472 81.463 81.46 81.457 81.448 81.442 81.445 81.452 81.454 81.455 81.456 81.454 81.445 81.44 81.452 81.467 81.473 81.477 81.484 81.498 81.52 81.538 81.535 81.529 81.537 81.551 81.561 81.566 81.564 81.568 81.592 81.617 81.622 81.628 81.656 81.688 81.705 81.719 81.741 81.766 81.786 81.803 81.815 81.836 81.877 81.925 81.962 81.994 82.024 82.052 82.08 82.114 82.162 82.204 82.219 82.234 82.279 82.334 82.381 82.42 82.449 82.473 82.495 82.523 82.562 82.606 82.645 82.683 82.722 82.761 82.795
81.454 81.451 81.443 81.433 81.424 81.421 81.422 81.425 81.427 81.426 81.427 81.432 81.433 81.419 81.409 81.42 81.437 81.444 81.446 81.452 81.462 81.479 81.493 81.494 81.494 81.504 81.516 81.525 81.531 81.534 81.54 81.553 81.567 81.573 81.582 81.605 81.632 81.651 81.673 81.707 81.739 81.754 81.76 81.768 81.786 81.826 81.873 81.914 81.947 81.966 81.984 82.014 82.053 82.098 82.137 82.158 82.176 82.208 82.244 82.278 82.309 82.341 82.372 82.403 82.438 82.482 82.528 82.567 82.604 82.644 82.684 82.722
81.427 81.424 81.417 81.408 81.401 81.401 81.404 81.403 81.402 81.402 81.402 81.403 81.401 81.393 81.39 81.406 81.423 81.423 81.419 81.422 81.432 81.449 81.462 81.458 81.453 81.462 81.478 81.489 81.498 81.507 81.514 81.512 81.51 81.516 81.53 81.555 81.581 81.6 81.622 81.659 81.693 81.708 81.714 81.721 81.737 81.77 81.812 81.85 81.88 81.894 81.906 81.93 81.963 82 82.04 82.078 82.111 82.136 82.154 82.164 82.182 82.224 82.273 82.312 82.352 82.401 82.451 82.492 82.529 82.565 82.599 82.633
81.401 81.395 81.389 81.386 81.384 81.384 81.382 81.378 81.375 81.377 81.378 81.376 81.372 81.369 81.374 81.39 81.403 81.397 81.388 81.39 81.4 81.419 81.431 81.423 81.414 81.425 81.442 81.452 81.461 81.472 81.478 81.47 81.461 81.469 81.487 81.513 81.537 81.551 81.568 81.6 81.634 81.656 81.668 81.677 81.689 81.713 81.744 81.779 81.809 81.826 81.838 81.857 81.881 81.907 81.942 81.991 82.037 82.063 82.072 82.065 82.073 82.122 82.186 82.234 82.278 82.328 82.378 82.421 82.456 82.485 82.511 82.541
81.374 81.37 81.368 81.371 81.373 81.364 81.353 81.347 81.346 81.349 81.353 81.356 81.356 81.355 81.353 81.354 81.354 81.351 81.35 81.353 81.361 81.377 81.39 81.39 81.39 81.402 81.414 81.415 81.413 81.417 81.423 81.426 81.432 81.448 81.469 81.486 81.499 81.504 81.513 81.538 81.57 81.602 81.628 81.641 81.648 81.655 81.673 81.71 81.751 81.779 81.801 81.824 81.844 81.855 81.873 81.909 81.952 81.988 82.009 82.007 82.014 82.06 82.122 82.178 82.227 82.27 82.31 82.35 82.384 82.405 82.426 82.46
81.351 81.347 81.349 81.355 81.356 81.339 81.32 81.314 81.316 81.318 81.324 81.333 81.34 81.338 81.329 81.314 81.303 81.305 81.312 81.316 81.322 81.334 81.348 81.36 81.371 81.382 81.387 81.378 81.366 81.364 81.371 81.387 81.407 81.43 81.449 81.46 81.463 81.461 81.463 81.479 81.506 81.544 81.58 81.601 81.609 81.605 81.61 81.644 81.688 81.728 81.763 81.794 81.815 81.819 81.821 81.839 81.871 81.915 81.953 81.962 81.972 82.01 82.063 82.121 82.174 82.208 82.238 82.275 82.309 82.33 82.353 82.393
81.331 81.328 81.329 81.33 81.325 81.308 81.291 81.285 81.285 81.284 81.286 81.296 81.306 81.308 81.303 81.289 81.277 81.278 81.284 81.288 81.292 81.302 81.316 81.333 81.347 81.353 81.351 81.342 81.334 81.336 81.344 81.357 81.372 81.389 81.405 81.417 81.424 81.425 81.425 81.43 81.446 81.477 81.514 81.548 81.569 81.57 81.567 81.579 81.605 81.648 81.695 81.734 81.761 81.77 81.774 81.786 81.811 81.854 81.892 81.903 81.911 81.942 81.988 82.042 82.091 82.123 82.151 82.19 82.231 82.265 82.3 82.344
81.31 81.306 81.304 81.3 81.292 81.281 81.269 81.262 81.258 81.254 81.253 81.258 81.266 81.273 81.275 81.265 81.255 81.253 81.256 81.258 81.263 81.273 81.287 81.305 81.318 81.317 81.31 81.305 81.305 81.313 81.322 81.328 81.333 81.341 81.353 81.369 81.384 81.39 81.39 81.389 81.394 81.412 81.444 81.487 81.523 81.533 81.529 81.524 81.533 81.571 81.62 81.66 81.691 81.711 81.726 81.742 81.764 81.798 81.829 81.839 81.849 81.878 81.918 81.96 82 82.033 82.065 82.105 82.15 82.199 82.247 82.29
81.281 81.273 81.269 81.27 81.271 81.268 81.261 81.249 81.239 81.237 81.238 81.235 81.233 81.241 81.245 81.233 81.218 81.216 81.219 81.221 81.227 81.24 81.257 81.274 81.282 81.274 81.263 81.263 81.268 81.275 81.282 81.29 81.297 81.302 81.31 81.326 81.341 81.349 81.351 81.351 81.353 81.362 81.385 81.426 81.464 81.476 81.478 81.486 81.503 81.53 81.561 81.589 81.616 81.645 81.673 81.696 81.719 81.745 81.768 81.784 81.803 81.84 81.877 81.9 81.922 81.959 81.998 82.029 82.065 82.12 82.175 82.211
81.251 81.238 81.23 81.238 81.251 81.259 81.256 81.239 81.223 81.224 81.226 81.215 81.205 81.212 81.217 81.203 81.185 81.182 81.185 81.187 81.193 81.209 81.228 81.24 81.242 81.231 81.219 81.221 81.229 81.235 81.241 81.251 81.261 81.267 81.273 81.284 81.295 81.301 81.305 81.311 81.316 81.322 81.336 81.37 81.403 81.413 81.422 81.449 81.48 81.498 81.508 81.519 81.538 81.571 81.61 81.642 81.668 81.687 81.705 81.728 81.759 81.8 81.834 81.843 81.854 81.894 81.939 81.964 81.991 82.043 82.096 82.124
81.23 81.209 81.194 81.203 81.222 81.239 81.244 81.224 81.203 81.203 81.204 81.189 81.176 81.186 81.197 81.188 81.172 81.165 81.164 81.166 81.173 81.188 81.201 81.205 81.202 81.192 81.183 81.185 81.194 81.204 81.214 81.22 81.226 81.23 81.235 81.241 81.246 81.246 81.249 81.261 81.275 81.284 81.297 81.325 81.35 81.356 81.364 81.396 81.43 81.445 81.448 81.448 81.457 81.49 81.533 81.571 81.601 81.618 81.634 81.664 81.698 81.73 81.755 81.771 81.793 81.834 81.88 81.913 81.944 81.984 82.021 82.046
81.211 81.184 81.166 81.172 81.193 81.214 81.223 81.203 81.18 81.177 81.178 81.163 81.152 81.163 81.178 81.175 81.164 81.153 81.147 81.148 81.156 81.167 81.174 81.172 81.164 81.157 81.153 81.156 81.164 81.177 81.188 81.193 81.196 81.198 81.2 81.2 81.199 81.195 81.196 81.212 81.231 81.244 81.259 81.283 81.303 81.304 81.31 81.34 81.373 81.387 81.389 81.386 81.392 81.422 81.463 81.504 81.535 81.545 81.556 81.588 81.625 81.648 81.669 81.701 81.738 81.772 81.809 81.854 81.897 81.927 81.951 81.974
81.185 81.164 81.15 81.157 81.174 81.188 81.191 81.173 81.154 81.152 81.153 81.142 81.134 81.142 81.154 81.153 81.144 81.132 81.123 81.122 81.128 81.139 81.147 81.142 81.132 81.125 81.125 81.134 81.144 81.148 81.152 81.165 81.177 81.175 81.168 81.165 81.162 81.158 81.158 81.17 81.186 81.199 81.214 81.238 81.256 81.256 81.261 81.293 81.326 81.338 81.34 81.346 81.361 81.387 81.421 81.462 81.488 81.479 81.471 81.499 81.54 81.571 81.603 81.65 81.689 81.703 81.719 81.768 81.823 81.86 81.885 81.906
81.157 81.143 81.136 81.144 81.155 81.16 81.157 81.142 81.128 81.128 81.13 81.123 81.116 81.118 81.122 81.121 81.115 81.104 81.095 81.093 81.098 81.109 81.117 81.113 81.105 81.099 81.1 81.114 81.125 81.119 81.116 81.134 81.153 81.152 81.143 81.138 81.134 81.131 81.13 81.135 81.143 81.156 81.173 81.197 81.215 81.213 81.216 81.247 81.281 81.289 81.293 81.311 81.336 81.361 81.388 81.421 81.438 81.414 81.393 81.416 81.459 81.5 81.544 81.599 81.64 81.639 81.642 81.691 81.753 81.796 81.824 81.84
81.129 81.119 81.117 81.12 81.126 81.131 81.13 81.118 81.106 81.107 81.109 81.102 81.092 81.085 81.082 81.081 81.079 81.07 81.063 81.067 81.076 81.081 81.084 81.084 81.083 81.08 81.082 81.091 81.099 81.095 81.091 81.098 81.11 81.121 81.127 81.123 81.116 81.111 81.108 81.104 81.107 81.124 81.147 81.171 81.184 81.176 81.172 81.196 81.225 81.235 81.242 81.264 81.292 81.319 81.343 81.36 81.365 81.349 81.338 81.36 81.397 81.435 81.478 81.535 81.581 81.594 81.609 81.66 81.717 81.75 81.766 81.775
81.106 81.1 81.099 81.096 81.096 81.102 81.104 81.095 81.087 81.089 81.091 81.082 81.067 81.055 81.048 81.05 81.051 81.043 81.037 81.046 81.057 81.057 81.054 81.057 81.061 81.061 81.06 81.062 81.065 81.066 81.063 81.058 81.061 81.085 81.106 81.102 81.09 81.085 81.082 81.076 81.077 81.096 81.122 81.142 81.15 81.139 81.132 81.149 81.171 81.179 81.187 81.209 81.239 81.269 81.289 81.291 81.287 81.288 81.299 81.323 81.353 81.38 81.414 81.464 81.514 81.546 81.58 81.634 81.684 81.705 81.71 81.714
81.092 81.091 81.09 81.084 81.078 81.074 81.072 81.069 81.068 81.074 81.076 81.064 81.049 81.039 81.037 81.042 81.046 81.036 81.027 81.032 81.041 81.04 81.036 81.035 81.034 81.031 81.028 81.024 81.022 81.023 81.023 81.02 81.025 81.048 81.067 81.056 81.039 81.04 81.048 81.05 81.054 81.066 81.081 81.091 81.097 81.096 81.099 81.116 81.131 81.126 81.126 81.153 81.188 81.215 81.229 81.225 81.222 81.239 81.267 81.297 81.324 81.34 81.359 81.395 81.438 81.475 81.517 81.571 81.62 81.644 81.653 81.66
81.082 81.083 81.081 81.072 81.059 81.047 81.041 81.043 81.05 81.057 81.058 81.047 81.035 81.03 81.031 81.037 81.039 81.028 81.016 81.017 81.021 81.021 81.018 81.015 81.01 81.003 80.995 80.988 80.983 80.984 80.987 80.989 80.996 81.013 81.023 81.009 80.993 80.998 81.013 81.025 81.033 81.034 81.033 81.032 81.037 81.049 81.067 81.086 81.095 81.081 81.074 81.102 81.14 81.16 81.167 81.166 81.17 81.195 81.231 81.267 81.294 81.304 81.312 81.334 81.364 81.396 81.437 81.493 81.545 81.575 81.591 81.605
81.068 81.068 81.063 81.048 81.032 81.02 81.016 81.022 81.03 81.033 81.032 81.028 81.024 81.019 81.015 81.011 81.005 80.994 80.986 80.989 80.994 80.994 80.992 80.996 80.996 80.986 80.973 80.966 80.965 80.967 80.971 80.97 80.972 80.981 80.989 80.987 80.983 80.984 80.99 81.001 81.008 81.001 80.988 80.978 80.98 81 81.027 81.047 81.056 81.047 81.043 81.066 81.094 81.105 81.109 81.118 81.131 81.153 81.18 81.214 81.244 81.26 81.272 81.286 81.304 81.325 81.36 81.419 81.477 81.505 81.52 81.54
81.051 81.048 81.041 81.024 81.008 81.002 81.002 81.006 81.009 81.006 81.002 81.005 81.006 80.998 80.986 80.974 80.964 80.955 80.953 80.96 80.967 80.966 80.966 80.975 80.981 80.97 80.955 80.95 80.952 80.957 80.959 80.953 80.948 80.955 80.966 80.976 80.98 80.974 80.968 80.974 80.978 80.966 80.948 80.932 80.93 80.953 80.983 81.003 81.012 81.014 81.016 81.03 81.044 81.05 81.056 81.072 81.092 81.108 81.128 81.156 81.185 81.209 81.228 81.243 81.254 81.265 81.293 81.355 81.414 81.435 81.444 81.469
81.034 81.03 81.021 81.011 81.002 81 80.998 80.994 80.987 80.978 80.972 80.974 80.973 80.96 80.943 80.936 80.933 80.933 80.935 80.941 80.947 80.946 80.945 80.95 80.952 80.942 80.932 80.93 80.933 80.935 80.933 80.923 80.919 80.935 80.956 80.963 80.959 80.948 80.938 80.941 80.943 80.931 80.913 80.896 80.892 80.912 80.939 80.953 80.961 80.967 80.972 80.978 80.984 80.995 81.008 81.021 81.038 81.061 81.086 81.108 81.128 81.149 81.171 81.194 81.213 81.221 81.243 81.301 81.355 81.367 81.37 81.396
81.017 81.012 81.002 80.998 80.996 80.997 80.994 80.981 80.967 80.957 80.952 80.95 80.945 80.929 80.914 80.91 80.913 80.916 80.92 80.925 80.928 80.928 80.926 80.923 80.92 80.914 80.909 80.906 80.905 80.904 80.9 80.89 80.889 80.913 80.937 80.937 80.923 80.909 80.9 80.9 80.901 80.893 80.879 80.863 80.857 80.871 80.89 80.901 80.909 80.918 80.924 80.925 80.928 80.944 80.962 80.972 80.987 81.019 81.052 81.07 81.082 81.097 81.118 81.148 81.175 81.187 81.205 81.252 81.295 81.3 81.299 81.325
81.005 80.994 80.981 80.974 80.972 80.975 80.976 80.965 80.954 80.95 80.949 80.946 80.941 80.934 80.925 80.911 80.9 80.897 80.899 80.904 80.907 80.905 80.901 80.899 80.897 80.894 80.888 80.88 80.872 80.867 80.865 80.862 80.865 80.878 80.889 80.889 80.879 80.864 80.851 80.85 80.852 80.85 80.842 80.827 80.817 80.82 80.832 80.848 80.864 80.877 80.885 80.886 80.889 80.9 80.916 80.933 80.956 80.99 81.023 81.042 81.055 81.069 81.087 81.114 81.14 81.155 81.172 81.202 81.229 81.232 81.235 81.258
80.992 80.974 80.959 80.95 80.947 80.95 80.953 80.948 80.943 80.945 80.947 80.943 80.938 80.942 80.938 80.913 80.886 80.876 80.877 80.884 80.888 80.882 80.875 80.875 80.877 80.877 80.87 80.854 80.839 80.835 80.837 80.842 80.844 80.841 80.838 80.84 80.838 80.824 80.808 80.802 80.803 80.807 80.807 80.794 80.78 80.775 80.781 80.799 80.821 80.837 80.847 80.855 80.859 80.862 80.87 80.893 80.924 80.957 80.987 81.007 81.023 81.038 81.055 81.077 81.1 81.119 81.135 81.148 81.159 81.164 81.173 81.194
80.973 80.952 80.936 80.932 80.934 80.935 80.935 80.932 80.929 80.93 80.929 80.921 80.915 80.919 80.916 80.889 80.86 80.855 80.862 80.871 80.873 80.863 80.851 80.852 80.857 80.858 80.851 80.831 80.814 80.816 80.825 80.829 80.827 80.818 80.809 80.81 80.81 80.801 80.786 80.768 80.759 80.769 80.778 80.769 80.754 80.749 80.751 80.759 80.772 80.79 80.808 80.823 80.83 80.826 80.827 80.845 80.873 80.904 80.93 80.946 80.959 80.975 80.996 81.022 81.048 81.069 81.083 81.086 81.088 81.094 81.108 81.135
80.949 80.929 80.916 80.915 80.917 80.916 80.913 80.911 80.91 80.909 80.905 80.895 80.885 80.884 80.879 80.857 80.837 80.84 80.852 80.858 80.855 80.841 80.828 80.827 80.832 80.835 80.829 80.808 80.791 80.799 80.812 80.81 80.801 80.793 80.788 80.786 80.784 80.777 80.762 80.738 80.722 80.734 80.75 80.744 80.731 80.728 80.729 80.727 80.729 80.746 80.768 80.785 80.794 80.789 80.786 80.798 80.82 80.847 80.869 80.88 80.89 80.91 80.936 80.966 80.995 81.014 81.024 81.024 81.023 81.03 81.048 81.08
80.922 80.909 80.9 80.89 80.882 80.88 80.88 80.88 80.882 80.886 80.887 80.878 80.865 80.856 80.848 80.837 80.831 80.838 80.845 80.838 80.825 80.813 80.803 80.799 80.8 80.804 80.801 80.78 80.762 80.77 80.78 80.77 80.756 80.754 80.756 80.755 80.749 80.735 80.717 80.698 80.691 80.704 80.718 80.711 80.7 80.7 80.703 80.703 80.704 80.715 80.728 80.738 80.744 80.746 80.75 80.763 80.781 80.802 80.821 80.83 80.843 80.868 80.899 80.927 80.949 80.962 80.968 80.97 80.973 80.983 81 81.029
80.895 80.888 80.881 80.86 80.842 80.841 80.848 80.851 80.855 80.862 80.864 80.857 80.845 80.835 80.827 80.824 80.826 80.835 80.835 80.815 80.792 80.785 80.783 80.776 80.771 80.775 80.774 80.755 80.738 80.741 80.746 80.733 80.719 80.719 80.724 80.722 80.712 80.692 80.673 80.667 80.671 80.682 80.689 80.681 80.672 80.671 80.675 80.678 80.681 80.686 80.691 80.695 80.699 80.708 80.722 80.739 80.757 80.771 80.781 80.789 80.803 80.833 80.867 80.892 80.907 80.911 80.912 80.917 80.926 80.938 80.955 80.976
