Output_Reconstr_0_rough_ker_9_win_41_n1.txt
ncols         195
nrows         219
xllcorner     208046.226056
yllcorner     1378441.389110
cellsize      1
NODATA_value  -9999
[rows 32 to 63 of 219, columns 0 to 71 of 195]
-9999 -9999 -9999 -9999 -9999 -9999 -9999 -9999 -9999 84.331 84.338 84.358 84.381 84.403 84.421 84.436 84.446 84.448 84.456 84.487 84.529 84.567 84.591 84.589 84.587 84.61 84.647 84.69 84.728 84.754 84.771 84.782 84.794 84.813 84.835 84.858 84.884 84.918 84.949 84.963 84.975 84.996 85.017 85.03 85.042 85.064 85.09 85.115 85.14 85.165 85.179 85.173 85.17 85.195 85.233 85.269 85.294 85.298 85.29 85.282 85.287 85.315 85.35 85.374 85.394 85.419 85.435 85.43 85.432 85.466 85.509 85.536
-9999 -9999 -9999 -9999 -9999 -9999 -9999 -9999 -9999 84.301 84.303 84.306 84.315 84.335 84.359 84.382 84.397 84.401 84.409 84.438 84.479 84.525 84.554 84.546 84.536 84.561 84.603 84.645 84.68 84.699 84.71 84.715 84.726 84.751 84.779 84.798 84.82 84.856 84.889 84.901 84.909 84.931 84.955 84.969 84.983 85.007 85.035 85.061 85.082 85.095 85.1 85.099 85.106 85.133 85.172 85.21 85.236 85.24 85.236 85.239 85.252 85.277 85.303 85.319 85.336 85.363 85.383 85.379 85.379 85.415 85.458 85.481
-9999 -9999 -9999 -9999 -9999 -9999 -9999 -9999 -9999 84.262 84.264 84.265 84.272 84.292 84.316 84.334 84.349 84.361 84.378 84.407 84.442 84.479 84.504 84.502 84.5 84.524 84.562 84.603 84.638 84.657 84.664 84.666 84.673 84.696 84.723 84.74 84.759 84.792 84.823 84.836 84.846 84.867 84.89 84.908 84.924 84.942 84.964 84.992 85.017 85.033 85.043 85.049 85.057 85.074 85.099 85.135 85.162 85.167 85.167 85.18 85.203 85.229 85.253 85.269 85.285 85.309 85.326 85.319 85.319 85.358 85.405 85.433
-9999 -9999 -9999 -9999 -9999 -9999 -9999 -9999 -9999 84.218 84.221 84.226 84.236 84.258 84.281 84.292 84.303 84.323 84.35 84.38 84.408 84.43 84.446 84.456 84.469 84.492 84.523 84.56 84.594 84.614 84.623 84.624 84.628 84.648 84.671 84.687 84.704 84.732 84.758 84.774 84.787 84.808 84.831 84.852 84.869 84.88 84.893 84.92 84.949 84.974 84.993 85.007 85.016 85.022 85.034 85.065 85.093 85.098 85.101 85.118 85.144 85.173 85.2 85.221 85.239 85.258 85.269 85.262 85.264 85.304 85.355 85.392
-9999 -9999 -9999 -9999 -9999 -9999 -9999 -9999 -9999 84.169 84.17 84.178 84.193 84.22 84.245 84.255 84.263 84.285 84.313 84.344 84.368 84.379 84.388 84.406 84.43 84.458 84.486 84.511 84.535 84.56 84.577 84.58 84.583 84.604 84.628 84.644 84.658 84.68 84.702 84.719 84.737 84.761 84.787 84.808 84.823 84.83 84.838 84.856 84.881 84.91 84.937 84.96 84.976 84.984 84.995 85.021 85.046 85.053 85.056 85.065 85.083 85.11 85.142 85.174 85.199 85.212 85.216 85.216 85.226 85.264 85.313 85.359
-9999 -9999 -9999 -9999 -9999 -9999 -9999 -9999 -9999 84.119 84.121 84.131 84.149 84.177 84.203 84.213 84.222 84.243 84.272 84.303 84.327 84.334 84.341 84.361 84.389 84.42 84.446 84.461 84.476 84.502 84.526 84.533 84.54 84.563 84.59 84.606 84.619 84.636 84.654 84.67 84.69 84.718 84.746 84.765 84.777 84.786 84.795 84.806 84.823 84.852 84.884 84.913 84.935 84.949 84.962 84.983 85.003 85.013 85.017 85.02 85.029 85.054 85.089 85.128 85.159 85.165 85.165 85.172 85.19 85.222 85.264 85.313
-9999 -9999 -9999 -9999 -9999 -9999 -9999 -9999 -9999 84.072 84.082 84.095 84.111 84.129 84.145 84.158 84.173 84.199 84.23 84.262 84.288 84.303 84.315 84.33 84.35 84.374 84.397 84.412 84.428 84.448 84.468 84.481 84.496 84.524 84.552 84.57 84.583 84.597 84.612 84.624 84.641 84.67 84.699 84.714 84.725 84.742 84.76 84.772 84.788 84.814 84.844 84.873 84.895 84.906 84.915 84.93 84.946 84.958 84.969 84.978 84.992 85.015 85.046 85.085 85.114 85.115 85.11 85.121 85.141 85.163 85.191 85.233
-9999 -9999 -9999 -9999 -9999 -9999 -9999 -9999 -9999 84.023 84.042 84.059 84.072 84.08 84.089 84.105 84.129 84.162 84.196 84.226 84.251 84.272 84.288 84.298 84.309 84.326 84.346 84.365 84.382 84.398 84.414 84.432 84.454 84.483 84.511 84.529 84.543 84.558 84.571 84.58 84.593 84.62 84.648 84.661 84.674 84.697 84.721 84.737 84.752 84.775 84.801 84.826 84.846 84.853 84.859 84.872 84.888 84.902 84.916 84.935 84.957 84.98 85.008 85.041 85.064 85.063 85.059 85.072 85.092 85.105 85.122 85.152
-9999 -9999 -9999 -9999 -9999 -9999 -9999 -9999 -9999 83.971 83.993 84.013 84.027 84.036 84.048 84.072 84.105 84.142 84.176 84.198 84.213 84.227 84.239 84.248 84.26 84.281 84.302 84.316 84.329 84.35 84.373 84.392 84.413 84.439 84.463 84.476 84.489 84.509 84.528 84.536 84.547 84.569 84.595 84.615 84.633 84.652 84.668 84.68 84.694 84.715 84.739 84.763 84.78 84.786 84.795 84.817 84.842 84.855 84.865 84.883 84.907 84.936 84.966 84.993 85.01 85.013 85.015 85.032 85.054 85.069 85.083 85.105
-9999 -9999 -9999 -9999 -9999 -9999 -9999 -9999 -9999 83.929 83.95 83.968 83.984 83.998 84.018 84.047 84.083 84.12 84.149 84.165 84.172 84.179 84.187 84.198 84.213 84.235 84.256 84.266 84.278 84.304 84.332 84.351 84.368 84.39 84.409 84.419 84.432 84.456 84.48 84.49 84.499 84.518 84.543 84.569 84.591 84.603 84.609 84.615 84.627 84.649 84.674 84.696 84.712 84.721 84.735 84.765 84.796 84.808 84.815 84.829 84.851 84.882 84.914 84.936 84.951 84.96 84.972 84.992 85.015 85.036 85.056 85.074
-9999 -9999 -9999 -9999 -9999 -9999 -9999 -9999 -9999 83.908 83.928 83.94 83.951 83.968 83.99 84.017 84.045 84.071 84.093 84.11 84.125 84.139 84.153 84.169 84.181 84.187 84.195 84.215 84.239 84.26 84.279 84.298 84.316 84.335 84.353 84.366 84.382 84.406 84.429 84.438 84.447 84.466 84.49 84.516 84.537 84.548 84.552 84.555 84.565 84.591 84.621 84.643 84.659 84.674 84.691 84.714 84.737 84.753 84.765 84.777 84.794 84.819 84.845 84.868 84.887 84.905 84.922 84.94 84.961 84.991 85.02 85.04
-9999 -9999 -9999 -9999 -9999 -9999 -9999 -9999 -9999 83.889 83.905 83.913 83.921 83.938 83.96 83.983 84.003 84.018 84.034 84.055 84.079 84.101 84.123 84.145 84.155 84.143 84.137 84.165 84.201 84.219 84.229 84.245 84.263 84.283 84.302 84.321 84.34 84.362 84.38 84.387 84.395 84.416 84.44 84.461 84.477 84.49 84.499 84.501 84.51 84.538 84.569 84.592 84.61 84.628 84.646 84.661 84.677 84.697 84.715 84.728 84.74 84.756 84.777 84.801 84.827 84.852 84.872 84.887 84.907 84.942 84.979 85.002
-9999 -9999 -9999 -9999 -9999 -9999 -9999 -9999 83.835 83.848 83.862 83.876 83.89 83.906 83.924 83.946 83.967 83.985 84.001 84.021 84.042 84.062 84.084 84.11 84.123 84.109 84.098 84.122 84.157 84.18 84.195 84.207 84.221 84.241 84.265 84.287 84.308 84.327 84.341 84.345 84.352 84.372 84.395 84.406 84.416 84.433 84.449 84.457 84.467 84.486 84.51 84.535 84.556 84.57 84.584 84.604 84.627 84.648 84.665 84.679 84.691 84.705 84.725 84.753 84.783 84.808 84.829 84.846 84.866 84.897 84.931 84.959
-9999 -9999 -9999 -9999 -9999 -9999 -9999 -9999 83.796 83.805 83.817 83.84 83.864 83.878 83.892 83.913 83.937 83.958 83.977 83.993 84.007 84.02 84.038 84.065 84.085 84.08 84.074 84.089 84.116 84.143 84.164 84.174 84.183 84.204 84.229 84.252 84.271 84.289 84.302 84.306 84.313 84.332 84.351 84.355 84.359 84.377 84.4 84.415 84.427 84.437 84.452 84.477 84.502 84.513 84.526 84.554 84.584 84.605 84.621 84.634 84.648 84.664 84.685 84.715 84.744 84.765 84.783 84.802 84.824 84.851 84.88 84.911
-9999 -9999 -9999 -9999 -9999 -9999 -9999 -9999 83.769 83.779 83.793 83.82 83.848 83.862 83.873 83.891 83.911 83.928 83.942 83.955 83.966 83.976 83.989 84.011 84.035 84.052 84.064 84.073 84.086 84.107 84.128 84.137 84.145 84.164 84.185 84.201 84.216 84.236 84.255 84.266 84.276 84.293 84.306 84.308 84.31 84.328 84.351 84.37 84.384 84.391 84.401 84.424 84.451 84.474 84.496 84.521 84.546 84.569 84.587 84.599 84.61 84.628 84.651 84.679 84.703 84.713 84.723 84.743 84.77 84.795 84.824 84.861
-9999 -9999 -9999 -9999 -9999 -9999 -9999 -9999 83.743 83.755 83.771 83.799 83.828 83.843 83.853 83.869 83.885 83.895 83.903 83.915 83.926 83.934 83.943 83.958 83.981 84.015 84.044 84.054 84.058 84.07 84.084 84.095 84.106 84.123 84.139 84.145 84.154 84.177 84.204 84.222 84.236 84.251 84.262 84.264 84.268 84.285 84.307 84.327 84.342 84.35 84.358 84.375 84.4 84.434 84.467 84.488 84.506 84.527 84.547 84.56 84.573 84.593 84.615 84.638 84.653 84.655 84.661 84.687 84.721 84.748 84.776 84.815
-9999 -9999 -9999 -9999 -9999 -9999 -9999 -9999 83.712 83.719 83.733 83.761 83.79 83.805 83.817 83.836 83.853 83.861 83.868 83.879 83.891 83.9 83.907 83.912 83.926 83.959 83.994 84.013 84.021 84.028 84.035 84.049 84.066 84.085 84.098 84.095 84.096 84.121 84.152 84.173 84.19 84.207 84.22 84.224 84.23 84.252 84.277 84.294 84.305 84.313 84.321 84.331 84.349 84.379 84.411 84.436 84.455 84.47 84.486 84.507 84.531 84.553 84.57 84.581 84.589 84.595 84.611 84.652 84.697 84.725 84.748 84.778
-9999 -9999 -9999 -9999 -9999 -9999 -9999 -9999 83.684 83.686 83.696 83.72 83.746 83.76 83.773 83.795 83.816 83.827 83.836 83.848 83.86 83.868 83.872 83.873 83.881 83.907 83.939 83.964 83.98 83.983 83.987 84.004 84.026 84.047 84.058 84.05 84.046 84.068 84.099 84.121 84.14 84.163 84.181 84.188 84.196 84.221 84.247 84.258 84.264 84.273 84.283 84.29 84.301 84.32 84.347 84.378 84.403 84.412 84.421 84.449 84.482 84.506 84.52 84.523 84.525 84.536 84.563 84.615 84.667 84.698 84.717 84.737
-9999 -9999 -9999 -9999 -9999 -9999 -9999 -9999 83.668 83.67 83.675 83.689 83.705 83.717 83.73 83.751 83.773 83.793 83.809 83.824 83.833 83.831 83.83 83.839 83.856 83.88 83.905 83.924 83.936 83.939 83.945 83.966 83.991 84.008 84.016 84.009 84.005 84.021 84.046 84.066 84.089 84.12 84.147 84.157 84.166 84.185 84.204 84.209 84.212 84.222 84.235 84.249 84.262 84.273 84.291 84.325 84.357 84.367 84.373 84.394 84.423 84.452 84.473 84.476 84.475 84.482 84.506 84.551 84.6 84.636 84.661 84.679
-9999 -9999 -9999 -9999 -9999 -9999 -9999 -9999 83.655 83.658 83.659 83.665 83.674 83.683 83.696 83.714 83.737 83.762 83.785 83.802 83.808 83.8 83.795 83.811 83.836 83.858 83.875 83.888 83.895 83.897 83.904 83.927 83.953 83.971 83.978 83.974 83.971 83.982 84 84.017 84.04 84.075 84.107 84.122 84.131 84.143 84.154 84.158 84.161 84.171 84.187 84.209 84.228 84.234 84.245 84.277 84.31 84.324 84.331 84.345 84.367 84.399 84.426 84.432 84.431 84.435 84.451 84.486 84.528 84.569 84.6 84.615
-9999 -9999 -9999 -9999 -9999 -9999 -9999 -9999 83.633 83.637 83.641 83.648 83.657 83.666 83.678 83.696 83.718 83.74 83.76 83.778 83.788 83.783 83.778 83.79 83.807 83.819 83.831 83.849 83.862 83.859 83.858 83.879 83.909 83.936 83.952 83.948 83.942 83.954 83.972 83.984 83.999 84.026 84.054 84.072 84.084 84.095 84.105 84.115 84.125 84.134 84.148 84.174 84.197 84.205 84.212 84.232 84.255 84.272 84.287 84.305 84.327 84.354 84.376 84.382 84.385 84.393 84.411 84.442 84.482 84.524 84.553 84.553
-9999 -9999 -9999 -9999 -9999 -9999 -9999 -9999 83.613 83.619 83.624 83.636 83.648 83.655 83.663 83.679 83.699 83.715 83.731 83.748 83.761 83.763 83.763 83.769 83.776 83.781 83.791 83.812 83.828 83.822 83.817 83.836 83.867 83.901 83.924 83.921 83.915 83.929 83.948 83.954 83.959 83.976 83.997 84.018 84.036 84.049 84.062 84.078 84.092 84.099 84.11 84.135 84.161 84.175 84.182 84.188 84.199 84.217 84.242 84.272 84.3 84.319 84.33 84.333 84.338 84.353 84.375 84.405 84.44 84.48 84.505 84.497
-9999 -9999 -9999 -9999 -9999 -9999 -9999 -9999 83.605 83.611 83.617 83.63 83.641 83.638 83.635 83.646 83.664 83.678 83.692 83.707 83.72 83.726 83.732 83.74 83.75 83.762 83.772 83.78 83.785 83.786 83.792 83.812 83.837 83.861 83.878 83.886 83.891 83.904 83.915 83.916 83.917 83.928 83.947 83.972 83.996 84.015 84.03 84.044 84.054 84.057 84.064 84.086 84.112 84.133 84.146 84.146 84.148 84.168 84.2 84.242 84.279 84.294 84.296 84.291 84.292 84.308 84.333 84.358 84.384 84.415 84.44 84.447
-9999 -9999 -9999 -9999 -9999 -9999 -9999 -9999 83.591 83.598 83.605 83.617 83.623 83.613 83.604 83.612 83.628 83.644 83.657 83.667 83.676 83.686 83.698 83.71 83.725 83.743 83.756 83.752 83.748 83.758 83.776 83.795 83.812 83.822 83.832 83.85 83.867 83.877 83.88 83.878 83.879 83.889 83.909 83.934 83.961 83.983 83.998 84.007 84.01 84.012 84.019 84.038 84.062 84.088 84.107 84.109 84.112 84.129 84.162 84.209 84.25 84.264 84.261 84.252 84.25 84.267 84.292 84.311 84.328 84.348 84.372 84.4
-9999 -9999 -9999 -9999 -9999 -9999 -9999 -9999 83.556 83.565 83.575 83.582 83.583 83.58 83.579 83.592 83.609 83.626 83.638 83.641 83.645 83.659 83.675 83.685 83.695 83.71 83.724 83.728 83.733 83.748 83.764 83.775 83.782 83.789 83.8 83.82 83.839 83.847 83.848 83.846 83.848 83.865 83.887 83.907 83.926 83.942 83.954 83.959 83.962 83.969 83.981 84.001 84.024 84.046 84.065 84.081 84.095 84.109 84.13 84.163 84.195 84.211 84.216 84.212 84.215 84.236 84.262 84.275 84.284 84.296 84.318 84.355
-9999 -9999 -9999 -9999 -9999 -9999 -9999 -9999 83.524 83.532 83.542 83.546 83.548 83.554 83.564 83.58 83.598 83.612 83.621 83.621 83.624 83.64 83.657 83.664 83.668 83.677 83.69 83.705 83.721 83.736 83.746 83.75 83.753 83.761 83.774 83.79 83.806 83.815 83.821 83.824 83.831 83.85 83.871 83.884 83.893 83.903 83.911 83.915 83.92 83.932 83.948 83.968 83.989 84.006 84.026 84.054 84.079 84.088 84.095 84.111 84.131 84.149 84.163 84.172 84.183 84.206 84.23 84.244 84.253 84.262 84.28 84.314
-9999 -9999 -9999 -9999 -9999 -9999 -9999 -9999 83.518 83.517 83.517 83.53 83.545 83.552 83.559 83.572 83.584 83.588 83.59 83.599 83.611 83.625 83.637 83.646 83.652 83.659 83.667 83.678 83.691 83.701 83.71 83.719 83.728 83.737 83.746 83.753 83.763 83.78 83.799 83.817 83.832 83.843 83.852 83.86 83.867 83.875 83.882 83.889 83.896 83.906 83.918 83.933 83.949 83.968 83.99 84.019 84.041 84.047 84.048 84.058 84.073 84.089 84.107 84.129 84.151 84.169 84.188 84.212 84.233 84.246 84.259 84.281
-9999 -9999 -9999 -9999 -9999 -9999 -9999 -9999 83.515 83.507 83.498 83.516 83.54 83.548 83.552 83.56 83.566 83.562 83.561 83.577 83.597 83.609 83.619 83.63 83.64 83.644 83.646 83.649 83.654 83.661 83.674 83.692 83.709 83.716 83.717 83.713 83.718 83.742 83.774 83.803 83.823 83.826 83.825 83.83 83.839 83.848 83.857 83.866 83.874 83.882 83.889 83.897 83.909 83.932 83.957 83.979 83.993 83.995 83.997 84.009 84.025 84.039 84.057 84.086 84.113 84.127 84.143 84.175 84.209 84.228 84.239 84.249
-9999 -9999 -9999 -9999 -9999 -9999 -9999 -9999 83.49 83.489 83.483 83.489 83.503 83.517 83.529 83.539 83.545 83.545 83.547 83.559 83.575 83.59 83.604 83.617 83.625 83.622 83.617 83.616 83.621 83.635 83.654 83.68 83.698 83.698 83.687 83.677 83.679 83.704 83.737 83.762 83.777 83.782 83.785 83.794 83.805 83.815 83.824 83.831 83.838 83.847 83.857 83.864 83.877 83.901 83.925 83.939 83.945 83.945 83.949 83.968 83.99 84.007 84.023 84.044 84.065 84.083 84.103 84.133 84.164 84.187 84.202 84.208
-9999 -9999 -9999 -9999 -9999 -9999 -9999 -9999 83.458 83.468 83.469 83.464 83.464 83.48 83.5 83.512 83.52 83.53 83.538 83.545 83.554 83.572 83.591 83.604 83.607 83.6 83.59 83.587 83.594 83.612 83.637 83.663 83.679 83.672 83.656 83.646 83.648 83.673 83.701 83.714 83.721 83.729 83.739 83.751 83.763 83.774 83.782 83.789 83.797 83.81 83.823 83.836 83.851 83.873 83.893 83.902 83.903 83.904 83.91 83.932 83.957 83.977 83.992 84.005 84.02 84.042 84.067 84.09 84.114 84.14 84.16 84.166
-9999 -9999 -9999 -9999 -9999 -9999 -9999 -9999 83.434 83.448 83.456 83.456 83.456 83.462 83.471 83.481 83.493 83.509 83.524 83.535 83.547 83.564 83.579 83.588 83.588 83.581 83.572 83.566 83.569 83.586 83.607 83.625 83.634 83.63 83.622 83.621 83.63 83.653 83.675 83.68 83.679 83.683 83.692 83.704 83.716 83.723 83.731 83.746 83.763 83.776 83.79 83.811 83.832 83.849 83.863 83.873 83.878 83.88 83.884 83.897 83.914 83.934 83.954 83.972 83.991 84.012 84.033 84.054 84.077 84.104 84.125 84.128
-9999 -9999 -9999 -9999 -9999 -9999 -9999 83.401 83.413 83.426 83.438 83.449 83.453 83.45 83.447 83.453 83.465 83.484 83.504 83.521 83.535 83.548 83.558 83.565 83.566 83.561 83.552 83.546 83.547 83.562 83.579 83.585 83.586 83.589 83.594 83.601 83.613 83.633 83.648 83.649 83.645 83.644 83.649 83.659 83.669 83.675 83.684 83.706 83.731 83.746 83.762 83.787 83.811 83.824 83.831 83.842 83.852 83.857 83.861 83.864 83.873 83.891 83.914 83.939 83.961 83.976 83.991 84.009 84.033 84.061 84.083 84.085
